Pre,In_p,Post,Classifier,Mean Difference,Disparate Impact,Theil Index,Average Odds Difference,Equal Opportunity Difference,Accuracy,Precision,Recall,Dataset,Sens_Attr,Valid,Time,AUC,Orig Disparate Impact,Orig Mean Difference,Orig Theil,Orig Av Odds,Orig Eq Opp Diff,Score,Rank,Ovr_Rank
-,-,roc1,Random Forest,-0.09825523584016566,0.629841682713473,0.0,0.0,0.0,0.8491928945234761,0.8446711033421924,0.8491928945234761,Adult,Race,Valid,{441.53},0.7809388245385274,0.629841682713473,-0.09825523584016566,0.11654159495803891,-0.04041655270523028,-0.03415345032060946,3,1.0,1.0
-,-,cpp1,Random Forest,-0.09825523584016566,0.629841682713473,0.0,0.0,0.0,0.8480135623203361,0.8437632726620351,0.8480135623203361,Adult,Race,Valid,{20.27},0.7811240831588687,0.629841682713473,-0.09825523584016566,0.11654159495803891,-0.04041655270523028,-0.03415345032060946,3,2.0,4.0
rw1,-,cpp2,Random Forest,-0.09825523584016566,0.629841682713473,0.0,0.0,0.0,0.8476450210068549,0.8427565553531152,0.8476450210068549,Adult,Race,Valid,{8.0},0.77718031704362,0.629841682713473,-0.09825523584016566,0.11654159495803891,-0.04041655270523028,-0.03415345032060946,3,3.0,3.0
rw1,-,roc2,Random Forest,-0.09825523584016566,0.629841682713473,0.0,0.0,0.0,0.8474238962187661,0.8427345074511879,0.8474238962187661,Adult,Race,Valid,{277.68},0.7781029592315591,0.629841682713473,-0.09825523584016566,0.11654159495803891,-0.04041655270523028,-0.03415345032060946,3,4.0,2.0
rw1,-,eop2,Random Forest,-0.0516096694436706,0.796893792429422,0.0117097551733185,0.042556230782267654,0.042718446601941795,0.8494140193115648,0.8450145660118145,0.8494140193115648,Adult,Race,Valid,{62.67},0.7818649733353421,0.629841682713473,-0.09825523584016566,0.11654159495803891,-0.04041655270523028,-0.03415345032060946,2,5.0,19.0
rw1,-,roc2,Random Forest,-0.20160953504822413,0.3637327995448817,0.0,0.0,0.0,0.8489717697353873,0.8445178999858837,0.8489717697353873,Adult,Sex,Valid,{130.38},0.7810830284170965,0.3637327995448817,-0.20160953504822413,0.1163845168819129,-0.09095628913397381,-0.09570114778641192,3,6.0,2.0
di1,-,cpp2,Random Forest,-0.09825523584016566,0.629841682713473,0.0,0.0,0.0,0.8430014004569912,0.8387311935573138,0.8430014004569912,Adult,Race,Valid,{138.73},0.7753433590600095,0.629841682713473,-0.09825523584016566,0.11654159495803891,-0.04041655270523028,-0.03415345032060946,3,7.0,9.0
rw1,-,cpp2,Random Forest,-0.20160953504822413,0.3637327995448817,0.0,0.0,0.0,0.8485295201592098,0.843849828061907,0.8485295201592098,Adult,Sex,Valid,{17.65},0.7793280356121385,0.3637327995448817,-0.20160953504822413,0.1163845168819129,-0.09095628913397381,-0.09570114778641192,3,8.0,3.0
di1,mfc_fdr2,roc3,-,-0.09825523584016566,0.629841682713473,0.0,0.0,0.0,0.84322252524508,0.8360917401484186,0.84322252524508,Adult,Race,Valid,{2996.15},0.7514567867456534,0.629841682713473,-0.09825523584016566,0.12992452300152724,0.02954000719822368,0.07825081911194198,3,9.0,27.0
di1,mfc_sr2,roc3,-,-0.09825523584016566,0.629841682713473,0.0,0.0,0.0,0.84322252524508,0.8360917401484186,0.84322252524508,Adult,Race,Valid,{3100.97},0.7514567867456534,0.629841682713473,-0.09825523584016566,0.12992452300152724,0.02954000719822368,0.07825081911194198,3,9.0,27.0
di1,-,roc2,Random Forest,-0.09825523584016566,0.629841682713473,0.0,0.0,0.0,0.841748359991155,0.8376109851174466,0.841748359991155,Adult,Race,Valid,{511.54},0.7745063329644901,0.629841682713473,-0.09825523584016566,0.11654159495803891,-0.04041655270523028,-0.03415345032060946,3,11.0,10.0
-,-,roc1,Random Forest,-0.20160953504822413,0.3637327995448817,0.0,0.0,0.0,0.8477187292695512,0.8430776511920944,0.8477187292695512,Adult,Sex,Valid,{598.72},0.7786891257028371,0.3637327995448817,-0.20160953504822413,0.1163845168819129,-0.09095628913397381,-0.09570114778641192,3,12.0,1.0
-,-,eop1,Random Forest,-0.04755705096829399,0.8113759351543747,0.013538919204676191,0.04752479642318154,0.05016181229773464,0.8474238962187661,0.842769162306181,0.8474238962187661,Adult,Race,Valid,{73.3},0.7782975688089017,0.629841682713473,-0.09825523584016566,0.11654159495803891,-0.04041655270523028,-0.03415345032060946,2,13.0,24.0
-,-,cpp1,Random Forest,-0.20160953504822413,0.3637327995448817,0.0,0.0,0.0,0.8463919805410186,0.841601871844761,0.8463919805410186,Adult,Sex,Valid,{55.49},0.7764405957367717,0.3637327995448817,-0.20160953504822413,0.1163845168819129,-0.09095628913397381,-0.09570114778641192,3,14.0,4.0
di1,-,cpp2,Random Forest,-0.20160953504822413,0.3637327995448817,0.0,0.0,0.0,0.8464656888037149,0.8416018582636307,0.8464656888037149,Adult,Sex,Valid,{53.35},0.7761006134112349,0.3637327995448817,-0.20160953504822413,0.1163845168819129,-0.09095628913397381,-0.09570114778641192,3,15.0,9.0
di1,-,roc2,Random Forest,-0.20160953504822413,0.3637327995448817,0.0,0.0,0.0,0.8459497309648412,0.8412624835918436,0.8459497309648412,Adult,Sex,Valid,{295.71},0.7765343939165676,0.3637327995448817,-0.20160953504822413,0.1163845168819129,-0.09095628913397381,-0.09570114778641192,3,16.0,10.0
-,-,cpp1,Naive Bayes,-0.09825523584016566,0.629841682713473,0.0,0.0,0.0,0.8181617159283555,0.8408505443012178,0.8181617159283555,Adult,Race,Valid,{1.42},0.8065271988746526,0.629841682713473,-0.09825523584016566,0.09427432229849471,-0.11429933521939963,-0.11029769442601867,3,17.0,13.0
-,-,roc1,Naive Bayes,-0.09825523584016566,0.629841682713473,0.0,0.0,0.0,0.8181617159283555,0.8408505443012178,0.8181617159283555,Adult,Race,Valid,{719.08},0.8065271988746526,0.629841682713473,-0.09825523584016566,0.09427432229849471,-0.11429933521939963,-0.11029769442601867,3,17.0,13.0
rw1,-,cpp2,Naive Bayes,-0.09825523584016566,0.629841682713473,0.0,0.0,0.0,0.8181617159283555,0.8408505443012178,0.8181617159283555,Adult,Race,Valid,{0.37},0.8065271988746526,0.629841682713473,-0.09825523584016566,0.09427432229849471,-0.11429933521939963,-0.11029769442601867,3,17.0,16.0
rw1,-,roc2,Naive Bayes,-0.09825523584016566,0.629841682713473,0.0,0.0,0.0,0.8181617159283555,0.8408505443012178,0.8181617159283555,Adult,Race,Valid,{648.95},0.8065271988746526,0.629841682713473,-0.09825523584016566,0.09427432229849471,-0.11429933521939963,-0.11029769442601867,3,17.0,13.0
-,mfc_fdr1,roc2,-,-0.09825523584016566,0.629841682713473,0.0,0.0,0.0,0.8351146163484927,0.8273849036194658,0.8351146163484927,Adult,Race,Valid,{3094.71},0.7256067299183869,0.629841682713473,-0.09825523584016566,0.12992452300152724,0.02954000719822368,0.07825081911194198,3,21.0,22.0
-,mfc_sr1,roc2,-,-0.09825523584016566,0.629841682713473,0.0,0.0,0.0,0.8351146163484927,0.8273849036194658,0.8351146163484927,Adult,Race,Valid,{2300.7},0.7256067299183869,0.629841682713473,-0.09825523584016566,0.12992452300152724,0.02954000719822368,0.07825081911194198,3,21.0,20.0
rw1,mfc_fdr2,roc3,-,-0.09825523584016566,0.629841682713473,0.0,0.0,0.0,0.8351146163484927,0.8273849036194658,0.8351146163484927,Adult,Race,Valid,{2996.45},0.7256067299183869,0.629841682713473,-0.09825523584016566,0.12992452300152724,0.02954000719822368,0.07825081911194198,3,21.0,20.0
rw1,mfc_sr2,roc3,-,-0.09825523584016566,0.629841682713473,0.0,0.0,0.0,0.8351146163484927,0.8273849036194658,0.8351146163484927,Adult,Race,Valid,{821.02},0.7256067299183869,0.629841682713473,-0.09825523584016566,0.12992452300152724,0.02954000719822368,0.07825081911194198,3,21.0,22.0
di1,-,cpp2,Naive Bayes,-0.09825523584016566,0.629841682713473,0.0,0.0,0.0,0.7815287093683202,0.8421287332107313,0.7815287093683202,Adult,Race,Valid,{80.15},0.809301835615948,0.629841682713473,-0.09825523584016566,0.09427432229849471,-0.11429933521939963,-0.11029769442601867,3,25.0,17.0
di1,-,roc2,Naive Bayes,-0.09825523584016566,0.629841682713473,0.0,0.0,0.0,0.7815287093683202,0.8421287332107313,0.7815287093683202,Adult,Race,Valid,{507.5},0.809301835615948,0.629841682713473,-0.09825523584016566,0.09427432229849471,-0.11429933521939963,-0.11029769442601867,3,25.0,18.0
-,-,cpp1,Logistic Regression,-0.09825523584016566,0.629841682713473,0.0,0.0,0.0,0.8336404510945677,0.8275367997918285,0.8336404510945677,Adult,Race,Valid,{13.39},0.7560514400762391,0.629841682713473,-0.09825523584016566,0.12992452300152724,0.02954000719822368,0.07825081911194198,3,27.0,5.0
-,-,roc1,Logistic Regression,-0.09825523584016566,0.629841682713473,0.0,0.0,0.0,0.8336404510945677,0.8275367997918285,0.8336404510945677,Adult,Race,Valid,{498.54},0.7560514400762391,0.629841682713473,-0.09825523584016566,0.12992452300152724,0.02954000719822368,0.07825081911194198,3,27.0,8.0
rw1,-,cpp2,Logistic Regression,-0.09825523584016566,0.629841682713473,0.0,0.0,0.0,0.8336404510945677,0.8275367997918285,0.8336404510945677,Adult,Race,Valid,{8.32},0.7560514400762391,0.629841682713473,-0.09825523584016566,0.12992452300152724,0.02954000719822368,0.07825081911194198,3,27.0,6.0
rw1,-,roc2,Logistic Regression,-0.09825523584016566,0.629841682713473,0.0,0.0,0.0,0.8336404510945677,0.8275367997918285,0.8336404510945677,Adult,Race,Valid,{651.64},0.7560514400762391,0.629841682713473,-0.09825523584016566,0.12992452300152724,0.02954000719822368,0.07825081911194198,3,27.0,6.0
di1,-,eop2,Random Forest,-0.04608153068035839,0.8176631207851625,0.013128342405201478,0.04763899313205658,0.047896440129449824,0.8428539839315987,0.8387881064346223,0.8428539839315987,Adult,Race,Valid,{134.36},0.7761206284997544,0.629841682713473,-0.09825523584016566,0.11654159495803891,-0.04041655270523028,-0.03415345032060946,2,31.0,31.0
di1,mfc_fdr2,eop3,-,-0.05003058352764153,0.7960048956759107,0.01902339099866949,0.05485880767337322,0.07605177993527512,0.84322252524508,0.8360917401484186,0.84322252524508,Adult,Race,Valid,{2133.67},0.7514567867456534,0.629841682713473,-0.09825523584016566,0.12992452300152724,0.02954000719822368,0.07825081911194198,3,32.0,55.0
rw1,-,-,Random Forest,-0.0985648176767705,0.5807844199578789,0.1168298082069498,-0.038901368335093445,-0.031240828961386136,0.8493403110488685,0.8446093364910816,0.8493403110488685,Adult,Race,Valid,{43.3},0.7798696407327688,0.629841682713473,-0.09825523584016566,0.11654159495803891,-0.04041655270523028,-0.03415345032060946,3,32.0,29.0
di1,mfc_sr2,eop3,-,-0.05003058352764153,0.7960048956759107,0.019023390998669492,0.05485880767337322,0.07605177993527512,0.84322252524508,0.8360917401484186,0.84322252524508,Adult,Race,Valid,{2806.27},0.7514567867456534,0.629841682713473,-0.09825523584016566,0.12992452300152724,0.02954000719822368,0.07825081911194198,3,34.0,56.0
-,-,-,Random Forest,-0.09924067037379877,0.5818817792901225,0.11654159495803891,-0.04041655270523028,-0.03415345032060946,0.8485295201592098,0.8440035854046556,0.8485295201592098,Adult,Race,Valid,{65.57},0.7802037787101798,0.629841682713473,-0.09825523584016566,0.11654159495803891,-0.04041655270523028,-0.03415345032060946,1,35.0,30.0
rw1,-,eop2,Random Forest,-0.1080711267474323,0.6269593034561524,0.026578242618416025,0.08036998972250772,0.08571428571428574,0.8491928945234761,0.8446711033421924,0.8491928945234761,Adult,Sex,Valid,{21.42},0.7809388245385274,0.3637327995448817,-0.20160953504822413,0.1163845168819129,-0.09095628913397381,-0.09570114778641192,4,36.0,19.0
di1,-,eop2,Random Forest,-0.0930075631975695,0.6682127084064914,0.033762149712315,0.0983837714681955,0.11531841652323582,0.8473501879560699,0.8425465106507072,0.8473501879560699,Adult,Sex,Valid,{205.91},0.7773725888817122,0.3637327995448817,-0.20160953504822413,0.1163845168819129,-0.09095628913397381,-0.09570114778641192,2,37.0,31.0
-,-,cpp1,Naive Bayes,-0.20160953504822413,0.3637327995448817,0.0,0.0,0.0,0.8181617159283555,0.8408505443012178,0.8181617159283555,Adult,Sex,Valid,{0.32},0.8065271988746526,0.3637327995448817,-0.20160953504822413,0.09427432229849471,-0.21623202452456575,-0.22712388013592832,3,38.0,13.0
-,-,roc1,Naive Bayes,-0.20160953504822413,0.3637327995448817,0.0,0.0,0.0,0.8181617159283555,0.8408505443012178,0.8181617159283555,Adult,Sex,Valid,{93.64},0.8065271988746526,0.3637327995448817,-0.20160953504822413,0.09427432229849471,-0.21623202452456575,-0.22712388013592832,3,38.0,13.0
rw1,-,cpp2,Naive Bayes,-0.20160953504822413,0.3637327995448817,0.0,0.0,0.0,0.8181617159283555,0.8408505443012178,0.8181617159283555,Adult,Sex,Valid,{3.23},0.8065271988746526,0.3637327995448817,-0.20160953504822413,0.09427432229849471,-0.21623202452456575,-0.22712388013592832,3,38.0,16.0
rw1,-,roc2,Naive Bayes,-0.20160953504822413,0.3637327995448817,0.0,0.0,0.0,0.8181617159283555,0.8408505443012178,0.8181617159283555,Adult,Sex,Valid,{190.53},0.8065271988746526,0.3637327995448817,-0.20160953504822413,0.09427432229849471,-0.21623202452456575,-0.22712388013592832,3,38.0,13.0
di1,mfc_fdr2,roc3,-,-0.20160953504822413,0.3637327995448817,0.0,0.0,0.0,0.8351883246111889,0.8269820437234504,0.8351883246111889,Adult,Sex,Valid,{2462.53},0.7328565211092081,0.3637327995448817,-0.20160953504822413,0.12992452300152724,-0.138351556635548,-0.16719116533759726,3,42.0,27.0
di1,mfc_sr2,roc3,-,-0.20160953504822413,0.3637327995448817,0.0,0.0,0.0,0.8351883246111889,0.8269820437234504,0.8351883246111889,Adult,Sex,Valid,{3152.12},0.7328565211092081,0.3637327995448817,-0.20160953504822413,0.12992452300152724,-0.138351556635548,-0.16719116533759726,3,42.0,27.0
di1,mfc_sr2,cpp3,-,-0.06999305905123002,0.70489344425376,0.02454889180644055,0.05323624595469256,0.10647249190938513,0.84322252524508,0.8360917401484186,0.84322252524508,Adult,Race,Valid,{2816.71},0.7514567867456534,0.629841682713473,-0.09825523584016566,0.12992452300152724,0.02954000719822368,0.07825081911194198,2,44.0,38.0
di1,mfc_fdr2,cpp3,-,-0.06921992959499773,0.7071986917095318,0.025228984022928377,0.054692556634304224,0.10938511326860845,0.84322252524508,0.8360917401484186,0.84322252524508,Adult,Race,Valid,{2734.51},0.7514567867456534,0.629841682713473,-0.09825523584016566,0.12992452300152724,0.02954000719822368,0.07825081911194198,2,45.0,37.0
-,-,cpp1,Logistic Regression,-0.20160953504822413,0.3637327995448817,0.0,0.0,0.0,0.8336404510945677,0.8275367997918285,0.8336404510945677,Adult,Sex,Valid,{21.05},0.7560514400762391,0.3637327995448817,-0.20160953504822413,0.12992452300152724,-0.138351556635548,-0.16719116533759726,3,46.0,5.0
-,-,roc1,Logistic Regression,-0.20160953504822413,0.3637327995448817,0.0,0.0,0.0,0.8336404510945677,0.8275367997918285,0.8336404510945677,Adult,Sex,Valid,{599.01},0.7560514400762391,0.3637327995448817,-0.20160953504822413,0.12992452300152724,-0.138351556635548,-0.16719116533759726,3,46.0,8.0
rw1,-,cpp2,Logistic Regression,-0.20160953504822413,0.3637327995448817,0.0,0.0,0.0,0.8336404510945677,0.8275367997918285,0.8336404510945677,Adult,Sex,Valid,{10.85},0.7560514400762391,0.3637327995448817,-0.20160953504822413,0.12992452300152724,-0.138351556635548,-0.16719116533759726,3,46.0,6.0
rw1,-,roc2,Logistic Regression,-0.20160953504822413,0.3637327995448817,0.0,0.0,0.0,0.8336404510945677,0.8275367997918285,0.8336404510945677,Adult,Sex,Valid,{381.21},0.7560514400762391,0.3637327995448817,-0.20160953504822413,0.12992452300152724,-0.138351556635548,-0.16719116533759726,3,46.0,6.0
di1,-,cpp2,Naive Bayes,-0.20160953504822413,0.3637327995448817,0.0,0.0,0.0,0.8208152133854205,0.8402226876403867,0.8208152133854205,Adult,Sex,Valid,{115.75},0.804504837965809,0.3637327995448817,-0.20160953504822413,0.09427432229849471,-0.21623202452456575,-0.22712388013592832,3,50.0,17.0
di1,-,roc2,Naive Bayes,-0.20160953504822413,0.3637327995448817,0.0,0.0,0.0,0.8208152133854205,0.8402226876403867,0.8208152133854205,Adult,Sex,Valid,{698.07},0.804504837965809,0.3637327995448817,-0.20160953504822413,0.09427432229849471,-0.21623202452456575,-0.22712388013592832,3,50.0,18.0
di1,-,cpp2,Logistic Regression,-0.09825523584016566,0.629841682713473,0.0,0.0,0.0,0.829291663595489,0.8215627830505037,0.829291663595489,Adult,Race,Valid,{192.21},0.7426375499799992,0.629841682713473,-0.09825523584016566,0.12992452300152724,0.02954000719822368,0.07825081911194198,3,52.0,11.0
di1,-,roc2,Logistic Regression,-0.09825523584016566,0.629841682713473,0.0,0.0,0.0,0.829291663595489,0.8215627830505037,0.829291663595489,Adult,Race,Valid,{801.07},0.7426375499799992,0.629841682713473,-0.09825523584016566,0.12992452300152724,0.02954000719822368,0.07825081911194198,3,52.0,11.0
-,-,eop1,Random Forest,-0.10603438152491423,0.6337139375205676,0.02693889012220943,0.08174197303086964,0.08640275387263341,0.8456548979140561,0.8407599450477834,0.8456548979140561,Adult,Sex,Valid,{19.05},0.7750724843472484,0.3637327995448817,-0.20160953504822413,0.1163845168819129,-0.09095628913397381,-0.09570114778641192,4,54.0,24.0
-,mfc_fdr1,eop2,-,-0.05524164733397008,0.7723653038531874,0.020850954078834173,0.05503736613159659,0.08576051779935279,0.8351146163484927,0.8273849036194658,0.8351146163484927,Adult,Race,Valid,{2311.4},0.7256067299183869,0.629841682713473,-0.09825523584016566,0.12992452300152724,0.02954000719822368,0.07825081911194198,2,55.0,48.0
rw1,mfc_fdr2,eop3,-,-0.05524164733397008,0.7723653038531874,0.020850954078834173,0.05503736613159659,0.08576051779935279,0.8351146163484927,0.8273849036194658,0.8351146163484927,Adult,Race,Valid,{534.4},0.7256067299183869,0.629841682713473,-0.09825523584016566,0.12992452300152724,0.02954000719822368,0.07825081911194198,2,55.0,45.0
-,mfc_sr1,eop2,-,-0.05524164733397008,0.7723653038531874,0.02085095407883418,0.05503736613159659,0.08576051779935279,0.8351146163484927,0.8273849036194658,0.8351146163484927,Adult,Race,Valid,{2547.51},0.7256067299183869,0.629841682713473,-0.09825523584016566,0.12992452300152724,0.02954000719822368,0.07825081911194198,2,57.0,46.0
rw1,mfc_sr2,eop3,-,-0.05524164733397008,0.7723653038531874,0.02085095407883418,0.05503736613159659,0.08576051779935279,0.8351146163484927,0.8273849036194658,0.8351146163484927,Adult,Race,Valid,{2966.73},0.7256067299183869,0.629841682713473,-0.09825523584016566,0.12992452300152724,0.02954000719822368,0.07825081911194198,2,57.0,47.0
di1,-,eop2,Naive Bayes,0.03472080053643606,1.138990659919069,0.019780416796912448,0.09989871599318853,0.0588996763754045,0.7815287093683202,0.8421287332107313,0.7815287093683202,Adult,Race,Valid,{119.0},0.809301835615948,0.629841682713473,-0.09825523584016566,0.09427432229849471,-0.11429933521939963,-0.11029769442601867,4,59.0,36.0
rw1,-,eop2,Naive Bayes,0.016476390471141522,1.0686476955886035,0.026919156932017158,0.10151240022920044,0.09579288025889965,0.8181617159283555,0.8408505443012178,0.8181617159283555,Adult,Race,Valid,{4.73},0.8065271988746526,0.629841682713473,-0.09825523584016566,0.09427432229849471,-0.11429933521939963,-0.11029769442601867,4,60.0,39.0
-,-,eop1,Naive Bayes,0.016476390471141522,1.0686476955886035,0.02691915693201716,0.10151240022920044,0.09579288025889965,0.8181617159283555,0.8408505443012178,0.8181617159283555,Adult,Race,Valid,{1.12},0.8065271988746526,0.629841682713473,-0.09825523584016566,0.09427432229849471,-0.11429933521939963,-0.11029769442601867,4,61.0,40.0
-,mfc_fdr1,roc2,-,-0.20160953504822413,0.3637327995448817,0.0,0.0,0.0,0.8339352841453527,0.8261452941210036,0.8339352841453527,Adult,Sex,Valid,{2206.13},0.7224836257239055,0.3637327995448817,-0.20160953504822413,0.12992452300152724,-0.138351556635548,-0.16719116533759726,3,62.0,22.0
-,mfc_sr1,roc2,-,-0.20160953504822413,0.3637327995448817,0.0,0.0,0.0,0.8339352841453527,0.8261452941210036,0.8339352841453527,Adult,Sex,Valid,{3283.59},0.7224836257239055,0.3637327995448817,-0.20160953504822413,0.12992452300152724,-0.138351556635548,-0.16719116533759726,3,62.0,20.0
rw1,mfc_fdr2,roc3,-,-0.20160953504822413,0.3637327995448817,0.0,0.0,0.0,0.8339352841453527,0.8261452941210036,0.8339352841453527,Adult,Sex,Valid,{3153.52},0.7224836257239055,0.3637327995448817,-0.20160953504822413,0.12992452300152724,-0.138351556635548,-0.16719116533759726,3,62.0,20.0
rw1,mfc_sr2,roc3,-,-0.20160953504822413,0.3637327995448817,0.0,0.0,0.0,0.8339352841453527,0.8261452941210036,0.8339352841453527,Adult,Sex,Valid,{2955.23},0.7224836257239055,0.3637327995448817,-0.20160953504822413,0.12992452300152724,-0.138351556635548,-0.16719116533759726,3,62.0,22.0
di1,mfc_fdr2,-,-,-0.0911835142788099,0.5515558556317591,0.133682299538517,-0.04910368952220669,-0.06006954913666607,0.84322252524508,0.8360917401484186,0.84322252524508,Adult,Race,Valid,{3194.1},0.7514567867456534,0.629841682713473,-0.09825523584016566,0.12992452300152724,0.02954000719822368,0.07825081911194198,3,66.0,59.0
di1,mfc_sr2,-,-,-0.0911835142788099,0.5515558556317591,0.133682299538517,-0.04910368952220669,-0.06006954913666607,0.84322252524508,0.8360917401484186,0.84322252524508,Adult,Race,Valid,{2103.21},0.7514567867456534,0.629841682713473,-0.09825523584016566,0.12992452300152724,0.02954000719822368,0.07825081911194198,3,66.0,59.0
di1,-,-,Random Forest,-0.10613567917955327,0.5598413105346706,0.1181289598078359,-0.056236023602034085,-0.06275101007055417,0.844696690499005,0.8403612537089867,0.844696690499005,Adult,Race,Valid,{139.95},0.7769623300737744,0.629841682713473,-0.09825523584016566,0.11654159495803891,-0.04041655270523028,-0.03415345032060946,1,68.0,44.0
-,-,-,Logistic Regression,-0.052176961099019536,0.7671042928858565,0.12992452300152724,0.02954000719822368,0.07825081911194198,0.8336404510945677,0.8275367997918285,0.8336404510945677,Adult,Race,Valid,{8.29},0.7560514400762391,0.629841682713473,-0.09825523584016566,0.12992452300152724,0.02954000719822368,0.07825081911194198,1,69.0,42.0
rw1,-,-,Logistic Regression,-0.052176961099019536,0.7671042928858565,0.12992452300152724,0.02954000719822368,0.07825081911194198,0.8336404510945677,0.8275367997918285,0.8336404510945677,Adult,Race,Valid,{3.1},0.7560514400762391,0.629841682713473,-0.09825523584016566,0.12992452300152724,0.02954000719822368,0.07825081911194198,1,69.0,42.0
rw1,mfc_fdr2,cpp3,-,-0.0705943819616329,0.7031108380002281,0.02402025077913855,0.052103559870550153,0.10420711974110031,0.8351146163484927,0.8273849036194658,0.8351146163484927,Adult,Race,Valid,{524.71},0.7256067299183869,0.629841682713473,-0.09825523584016566,0.12992452300152724,0.02954000719822368,0.07825081911194198,2,69.0,33.0
-,mfc_sr1,cpp2,-,-0.07016486559705942,0.7043832065090957,0.02439782299430937,0.05291262135922331,0.10582524271844662,0.8351146163484927,0.8273849036194658,0.8351146163484927,Adult,Race,Valid,{2726.89},0.7256067299183869,0.629841682713473,-0.09825523584016566,0.12992452300152724,0.02954000719822368,0.07825081911194198,2,72.0,34.0
rw1,-,-,Random Forest,-0.19416488437202328,0.3205711221669047,0.11672122635779218,-0.09063985695043184,-0.09826898464525902,0.8485295201592098,0.8439517012535381,0.8485295201592098,Adult,Sex,Valid,{60.79},0.7799118643441659,0.3637327995448817,-0.20160953504822413,0.1163845168819129,-0.09095628913397381,-0.09570114778641192,3,73.0,29.0
-,-,-,Random Forest,-0.19659205824582532,0.3162534180585255,0.1163845168819129,-0.09095628913397381,-0.09570114778641192,0.8484558118965136,0.8439879545395248,0.8484558118965136,Adult,Sex,Valid,{43.35},0.7804464562470453,0.3637327995448817,-0.20160953504822413,0.1163845168819129,-0.09095628913397381,-0.09570114778641192,2,74.0,30.0
rw1,mfc_sr2,cpp3,-,-0.06879041323042426,0.708485911752687,0.025607012984448396,0.055501618122977325,0.11100323624595465,0.8351146163484927,0.8273849036194658,0.8351146163484927,Adult,Race,Valid,{2647.18},0.7256067299183869,0.629841682713473,-0.09825523584016566,0.12992452300152724,0.02954000719822368,0.07825081911194198,2,75.0,35.0
-,-,eop1,Logistic Regression,-0.09462076024307323,0.6435338932072442,0.004488479309926191,-0.049943077089884,-0.13043478260869568,0.8336404510945677,0.8275367997918285,0.8336404510945677,Adult,Race,Valid,{6.56},0.7560514400762391,0.629841682713473,-0.09825523584016566,0.12992452300152724,0.02954000719822368,0.07825081911194198,2,76.0,26.0
-,mfc_fdr1,cpp2,-,-0.06681463795338619,0.7144679881000849,0.027347789204549125,0.059223300970873805,0.11844660194174761,0.8351146163484927,0.8273849036194658,0.8351146163484927,Adult,Race,Valid,{2161.47},0.7256067299183869,0.629841682713473,-0.09825523584016566,0.12992452300152724,0.02954000719822368,0.07825081911194198,2,76.0,32.0
rw1,-,eop2,Logistic Regression,-0.09462076024307323,0.6435338932072442,0.0044884793099261916,-0.049943077089884,-0.13043478260869568,0.8336404510945677,0.8275367997918285,0.8336404510945677,Adult,Race,Valid,{7.88},0.7560514400762391,0.629841682713473,-0.09825523584016566,0.12992452300152724,0.02954000719822368,0.07825081911194198,2,78.0,25.0
rw1,-,eop2,Naive Bayes,0.005150727378545106,1.0202061911024825,0.05968717675416266,0.17959701085947077,0.19552495697074013,0.8181617159283555,0.8408505443012178,0.8181617159283555,Adult,Sex,Valid,{1.07},0.8065271988746526,0.3637327995448817,-0.20160953504822413,0.09427432229849471,-0.21623202452456575,-0.22712388013592832,4,79.0,39.0
-,-,eop1,Naive Bayes,0.005150727378545106,1.0202061911024825,0.059687176754162664,0.17959701085947077,0.19552495697074013,0.8181617159283555,0.8408505443012178,0.8181617159283555,Adult,Sex,Valid,{1.43},0.8065271988746526,0.3637327995448817,-0.20160953504822413,0.09427432229849471,-0.21623202452456575,-0.22712388013592832,4,80.0,40.0
-,mfc_fdr1,-,-,-0.07786600927023876,0.5640027831097405,0.14892716570706796,-0.04296395709424961,-0.05726346258216247,0.8351146163484927,0.8273849036194658,0.8351146163484927,Adult,Race,Valid,{2575.59},0.7256067299183869,0.629841682713473,-0.09825523584016566,0.12992452300152724,0.02954000719822368,0.07825081911194198,3,81.0,51.0
-,mfc_sr1,-,-,-0.07786600927023876,0.5640027831097405,0.14892716570706796,-0.04296395709424961,-0.05726346258216247,0.8351146163484927,0.8273849036194658,0.8351146163484927,Adult,Race,Valid,{2816.17},0.7256067299183869,0.629841682713473,-0.09825523584016566,0.12992452300152724,0.02954000719822368,0.07825081911194198,3,81.0,51.0
rw1,mfc_fdr2,-,-,-0.07786600927023876,0.5640027831097405,0.14892716570706796,-0.04296395709424961,-0.05726346258216247,0.8351146163484927,0.8273849036194658,0.8351146163484927,Adult,Race,Valid,{3084.0},0.7256067299183869,0.629841682713473,-0.09825523584016566,0.12992452300152724,0.02954000719822368,0.07825081911194198,3,81.0,51.0
rw1,mfc_sr2,-,-,-0.07786600927023876,0.5640027831097405,0.14892716570706796,-0.04296395709424961,-0.05726346258216247,0.8351146163484927,0.8273849036194658,0.8351146163484927,Adult,Race,Valid,{2385.74},0.7256067299183869,0.629841682713473,-0.09825523584016566,0.12992452300152724,0.02954000719822368,0.07825081911194198,3,81.0,51.0
di1,-,eop2,Naive Bayes,-0.009149310865907534,0.9652810918797019,0.05294786415207422,0.16278804839089142,0.16833046471600688,0.8208152133854205,0.8402226876403867,0.8208152133854205,Adult,Sex,Valid,{104.06},0.804504837965809,0.3637327995448817,-0.20160953504822413,0.09427432229849471,-0.21623202452456575,-0.22712388013592832,4,85.0,36.0
rw1,-,eop2,Logistic Regression,-0.06448291437011508,0.7480053883438982,0.051453882642398044,0.13925042410133853,0.19242685025817552,0.8336404510945677,0.8275367997918285,0.8336404510945677,Adult,Sex,Valid,{14.57},0.7560514400762391,0.3637327995448817,-0.20160953504822413,0.12992452300152724,-0.138351556635548,-0.16719116533759726,2,86.0,25.0
-,-,eop1,Logistic Regression,-0.06448291437011508,0.7480053883438982,0.05145388264239805,0.13925042410133853,0.19242685025817552,0.8336404510945677,0.8275367997918285,0.8336404510945677,Adult,Sex,Valid,{5.18},0.7560514400762391,0.3637327995448817,-0.20160953504822413,0.12992452300152724,-0.138351556635548,-0.16719116533759726,2,87.0,26.0
di1,mfc_fdr2,eop3,-,-0.08749058270025672,0.6491191328976581,0.052597007782178684,0.1328765215022474,0.21308089500860583,0.8351883246111889,0.8269820437234504,0.8351883246111889,Adult,Sex,Valid,{890.59},0.7328565211092081,0.3637327995448817,-0.20160953504822413,0.12992452300152724,-0.138351556635548,-0.16719116533759726,3,88.0,55.0
di1,mfc_sr2,eop3,-,-0.08749058270025672,0.6491191328976581,0.052597007782178684,0.1328765215022474,0.21308089500860583,0.8351883246111889,0.8269820437234504,0.8351883246111889,Adult,Sex,Valid,{2331.48},0.7328565211092081,0.3637327995448817,-0.20160953504822413,0.12992452300152724,-0.138351556635548,-0.16719116533759726,3,88.0,56.0
di1,-,cpp2,Logistic Regression,-0.20160953504822413,0.3637327995448817,0.0,0.0,0.0,0.8229527530036117,0.8129221128182731,0.8229527530036117,Adult,Sex,Valid,{146.81},0.71952605367103,0.3637327995448817,-0.20160953504822413,0.12992452300152724,-0.138351556635548,-0.16719116533759726,3,90.0,11.0
di1,-,roc2,Logistic Regression,-0.20160953504822413,0.3637327995448817,0.0,0.0,0.0,0.8229527530036117,0.8129221128182731,0.8229527530036117,Adult,Sex,Valid,{656.47},0.71952605367103,0.3637327995448817,-0.20160953504822413,0.12992452300152724,-0.138351556635548,-0.16719116533759726,3,90.0,11.0
di1,-,-,Logistic Regression,-0.035059462816415976,0.8330768070977921,0.13788257864378195,0.05075764373467953,0.10977306076504045,0.829291663595489,0.8215627830505037,0.829291663595489,Adult,Race,Valid,{123.95},0.7426375499799992,0.629841682713473,-0.09825523584016566,0.12992452300152724,0.02954000719822368,0.07825081911194198,1,92.0,58.0
di1,-,-,Random Forest,-0.20186639078292823,0.2952356928035469,0.12015685614208517,-0.10014470091642418,-0.10603767563915856,0.8447703987617012,0.8397972859780926,0.8447703987617012,Adult,Sex,Valid,{182.2},0.7737032040880998,0.3637327995448817,-0.20160953504822413,0.1163845168819129,-0.09095628913397381,-0.09570114778641192,1,93.0,44.0
di1,-,-,Naive Bayes,-0.18852044145540303,0.5604713681188971,0.08202580432168577,-0.10986043254129764,-0.08089006814207322,0.7815287093683202,0.8421287332107313,0.7815287093683202,Adult,Race,Valid,{6.89},0.809301835615948,0.629841682713473,-0.09825523584016566,0.09427432229849471,-0.11429933521939963,-0.11029769442601867,4,94.0,57.0
-,-,-,Naive Bayes,-0.17638551140948003,0.49500645884954325,0.09427432229849471,-0.11429933521939963,-0.11029769442601867,0.8181617159283555,0.8408505443012178,0.8181617159283555,Adult,Race,Valid,{1.29},0.8065271988746526,0.629841682713473,-0.09825523584016566,0.09427432229849471,-0.11429933521939963,-0.11029769442601867,1,95.0,49.0
rw1,-,-,Naive Bayes,-0.17638551140948003,0.49500645884954325,0.09427432229849471,-0.11429933521939963,-0.11029769442601867,0.8181617159283555,0.8408505443012178,0.8181617159283555,Adult,Race,Valid,{1.86},0.8065271988746526,0.629841682713473,-0.09825523584016566,0.09427432229849471,-0.11429933521939963,-0.11029769442601867,1,95.0,49.0
di1,mfc_sr2,cpp3,-,-0.10965927326811939,0.5124363640532887,0.06415039961627383,0.14509466437177282,0.29018932874354564,0.8351883246111889,0.8269820437234504,0.8351883246111889,Adult,Sex,Valid,{2057.12},0.7328565211092081,0.3637327995448817,-0.20160953504822413,0.12992452300152724,-0.138351556635548,-0.16719116533759726,2,97.0,38.0
di1,mfc_fdr2,cpp3,-,-0.11304059962064994,0.5048465277964077,0.06171702190939682,0.1397590361445783,0.2795180722891566,0.8351883246111889,0.8269820437234504,0.8351883246111889,Adult,Sex,Valid,{504.72},0.7328565211092081,0.3637327995448817,-0.20160953504822413,0.12992452300152724,-0.138351556635548,-0.16719116533759726,2,98.0,37.0
rw1,mfc_fdr2,eop3,-,-0.11271647391700554,0.5800956388171041,0.038353171497499276,0.09928738592602682,0.15283993115318417,0.8339352841453527,0.8261452941210036,0.8339352841453527,Adult,Sex,Valid,{1971.77},0.7224836257239055,0.3637327995448817,-0.20160953504822413,0.12992452300152724,-0.138351556635548,-0.16719116533759726,4,99.0,45.0
rw1,mfc_sr2,eop3,-,-0.11271647391700554,0.5800956388171041,0.038353171497499276,0.09928738592602682,0.15283993115318417,0.8339352841453527,0.8261452941210036,0.8339352841453527,Adult,Sex,Valid,{1154.02},0.7224836257239055,0.3637327995448817,-0.20160953504822413,0.12992452300152724,-0.138351556635548,-0.16719116533759726,4,99.0,47.0
-,mfc_fdr1,eop2,-,-0.11271647391700554,0.5800956388171041,0.03835317149749929,0.09928738592602682,0.15283993115318417,0.8339352841453527,0.8261452941210036,0.8339352841453527,Adult,Sex,Valid,{3048.24},0.7224836257239055,0.3637327995448817,-0.20160953504822413,0.12992452300152724,-0.138351556635548,-0.16719116533759726,4,101.0,48.0
-,mfc_sr1,eop2,-,-0.11271647391700554,0.5800956388171041,0.03835317149749929,0.09928738592602682,0.15283993115318417,0.8339352841453527,0.8261452941210036,0.8339352841453527,Adult,Sex,Valid,{2987.75},0.7224836257239055,0.3637327995448817,-0.20160953504822413,0.12992452300152724,-0.138351556635548,-0.16719116533759726,4,101.0,46.0
di1,-,eop2,Logistic Regression,-0.10812024103227366,0.592677111373237,0.0051874506056206445,-0.07542285590371896,-0.17391304347826086,0.829291663595489,0.8215627830505037,0.829291663595489,Adult,Race,Valid,{111.83},0.7426375499799992,0.629841682713473,-0.09825523584016566,0.12992452300152724,0.02954000719822368,0.07825081911194198,2,103.0,41.0
di1,mfc_fdr2,-,-,-0.17246095911850506,0.26390964934895056,0.14450024142325893,-0.10961327418326217,-0.1486588789647177,0.8351883246111889,0.8269820437234504,0.8351883246111889,Adult,Sex,Valid,{2058.33},0.7328565211092081,0.3637327995448817,-0.20160953504822413,0.12992452300152724,-0.138351556635548,-0.16719116533759726,4,104.0,59.0
di1,mfc_sr2,-,-,-0.17246095911850506,0.26390964934895056,0.14450024142325893,-0.10961327418326217,-0.1486588789647177,0.8351883246111889,0.8269820437234504,0.8351883246111889,Adult,Sex,Valid,{2691.08},0.7328565211092081,0.3637327995448817,-0.20160953504822413,0.12992452300152724,-0.138351556635548,-0.16719116533759726,4,104.0,59.0
rw1,mfc_fdr2,cpp3,-,-0.1453268125351351,0.4422954301707331,0.03877561431778084,0.08881239242685024,0.17762478485370048,0.8339352841453527,0.8261452941210036,0.8339352841453527,Adult,Sex,Valid,{2273.25},0.7224836257239055,0.3637327995448817,-0.20160953504822413,0.12992452300152724,-0.138351556635548,-0.16719116533759726,3,106.0,33.0
-,mfc_sr1,cpp2,-,-0.14227271131349464,0.4475407804650069,0.040923348517605325,0.09363166953528401,0.18726333907056802,0.8339352841453527,0.8261452941210036,0.8339352841453527,Adult,Sex,Valid,{617.85},0.7224836257239055,0.3637327995448817,-0.20160953504822413,0.12992452300152724,-0.138351556635548,-0.16719116533759726,3,107.0,34.0
rw1,mfc_sr2,cpp3,-,-0.14172733609534452,0.4484905698972332,0.04130735835297598,0.0944922547332186,0.1889845094664372,0.8339352841453527,0.8261452941210036,0.8339352841453527,Adult,Sex,Valid,{984.48},0.7224836257239055,0.3637327995448817,-0.20160953504822413,0.12992452300152724,-0.138351556635548,-0.16719116533759726,3,108.0,35.0
-,mfc_fdr1,cpp2,-,-0.1394367601791142,0.45252410393057013,0.042921811903720075,0.0981067125645439,0.1962134251290878,0.8339352841453527,0.8261452941210036,0.8339352841453527,Adult,Sex,Valid,{2212.38},0.7224836257239055,0.3637327995448817,-0.20160953504822413,0.12992452300152724,-0.138351556635548,-0.16719116533759726,3,109.0,32.0
-,mfc_fdr1,-,-,-0.15058173025997104,0.2963642696108999,0.1507687318162839,-0.08102110559584763,-0.10565745653790137,0.8339352841453527,0.8261452941210036,0.8339352841453527,Adult,Sex,Valid,{2725.18},0.7224836257239055,0.3637327995448817,-0.20160953504822413,0.12992452300152724,-0.138351556635548,-0.16719116533759726,4,110.0,51.0
-,mfc_sr1,-,-,-0.15058173025997104,0.2963642696108999,0.1507687318162839,-0.08102110559584763,-0.10565745653790137,0.8339352841453527,0.8261452941210036,0.8339352841453527,Adult,Sex,Valid,{2222.14},0.7224836257239055,0.3637327995448817,-0.20160953504822413,0.12992452300152724,-0.138351556635548,-0.16719116533759726,4,110.0,51.0
rw1,mfc_fdr2,-,-,-0.15058173025997104,0.2963642696108999,0.1507687318162839,-0.08102110559584763,-0.10565745653790137,0.8339352841453527,0.8261452941210036,0.8339352841453527,Adult,Sex,Valid,{2476.93},0.7224836257239055,0.3637327995448817,-0.20160953504822413,0.12992452300152724,-0.138351556635548,-0.16719116533759726,4,110.0,51.0
rw1,mfc_sr2,-,-,-0.15058173025997104,0.2963642696108999,0.1507687318162839,-0.08102110559584763,-0.10565745653790137,0.8339352841453527,0.8261452941210036,0.8339352841453527,Adult,Sex,Valid,{3169.42},0.7224836257239055,0.3637327995448817,-0.20160953504822413,0.12992452300152724,-0.138351556635548,-0.16719116533759726,4,110.0,51.0
di1,-,eop2,Logistic Regression,-0.06127996625442797,0.7419316809276087,0.06283961952130045,0.1597308039970777,0.2506024096385542,0.8229527530036117,0.8129221128182731,0.8229527530036117,Adult,Sex,Valid,{152.46},0.71952605367103,0.3637327995448817,-0.20160953504822413,0.12992452300152724,-0.138351556635548,-0.16719116533759726,2,114.0,41.0
-,-,-,Naive Bayes,-0.3223861810970048,0.24812095947663693,0.09427432229849471,-0.21623202452456575,-0.22712388013592832,0.8181617159283555,0.8408505443012178,0.8181617159283555,Adult,Sex,Valid,{0.47},0.8065271988746526,0.3637327995448817,-0.20160953504822413,0.09427432229849471,-0.21623202452456575,-0.22712388013592832,1,115.0,49.0
rw1,-,-,Naive Bayes,-0.3223861810970048,0.24812095947663693,0.09427432229849471,-0.21623202452456575,-0.22712388013592832,0.8181617159283555,0.8408505443012178,0.8181617159283555,Adult,Sex,Valid,{1.14},0.8065271988746526,0.3637327995448817,-0.20160953504822413,0.09427432229849471,-0.21623202452456575,-0.22712388013592832,1,115.0,49.0
-,-,-,Logistic Regression,-0.2159513287765306,0.24663554709922658,0.12992452300152724,-0.138351556635548,-0.16719116533759726,0.8336404510945677,0.8275367997918285,0.8336404510945677,Adult,Sex,Valid,{1.66},0.7560514400762391,0.3637327995448817,-0.20160953504822413,0.12992452300152724,-0.138351556635548,-0.16719116533759726,1,117.0,42.0
rw1,-,-,Logistic Regression,-0.2159513287765306,0.24663554709922658,0.12992452300152724,-0.138351556635548,-0.16719116533759726,0.8336404510945677,0.8275367997918285,0.8336404510945677,Adult,Sex,Valid,{12.71},0.7560514400762391,0.3637327995448817,-0.20160953504822413,0.12992452300152724,-0.138351556635548,-0.16719116533759726,1,117.0,42.0
di1,-,-,Naive Bayes,-0.3049056345901238,0.2647620047547988,0.09623645919154249,-0.19375732094951298,-0.1974824063795334,0.8208152133854205,0.8402226876403867,0.8208152133854205,Adult,Sex,Valid,{137.42},0.804504837965809,0.3637327995448817,-0.20160953504822413,0.09427432229849471,-0.21623202452456575,-0.22712388013592832,3,119.0,57.0
di1,-,-,Logistic Regression,-0.19145224085118506,0.2181585104126216,0.15181279494422628,-0.13716966550222653,-0.17906350677435018,0.8229527530036117,0.8129221128182731,0.8229527530036117,Adult,Sex,Valid,{155.43},0.71952605367103,0.3637327995448817,-0.20160953504822413,0.12992452300152724,-0.138351556635548,-0.16719116533759726,3,120.0,58.0
-,-,cpp1,Logistic Regression,0.07607612836025168,1.2883461105882894,0.0,0.0,0.0,0.7707445063955395,0.7581646959563477,0.7707445063955395,Bank,Age,Valid,{5.25},0.6043529872764153,1.2883461105882894,0.07607612836025168,0.23759524800511836,0.002227177941698487,0.012534642600903173,3,1.0,5.0
-,-,roc1,Logistic Regression,0.07607612836025168,1.2883461105882894,0.0,0.0,0.0,0.7707445063955395,0.7581646959563477,0.7707445063955395,Bank,Age,Valid,{234.26},0.6043529872764153,1.2883461105882894,0.07607612836025168,0.23759524800511836,0.002227177941698487,0.012534642600903173,3,1.0,8.0
rw1,-,cpp2,Logistic Regression,0.07607612836025168,1.2883461105882894,0.0,0.0,0.0,0.7707445063955395,0.7581646959563477,0.7707445063955395,Bank,Age,Valid,{4.53},0.6043529872764153,1.2883461105882894,0.07607612836025168,0.23759524800511836,0.002227177941698487,0.012534642600903173,3,1.0,6.0
rw1,-,roc2,Logistic Regression,0.07607612836025168,1.2883461105882894,0.0,0.0,0.0,0.7707445063955395,0.7581646959563477,0.7707445063955395,Bank,Age,Valid,{218.53},0.6043529872764153,1.2883461105882894,0.07607612836025168,0.23759524800511836,0.002227177941698487,0.012534642600903173,3,1.0,6.0
-,-,roc1,Random Forest,0.07607612836025168,1.2883461105882894,0.0,0.0,0.0,0.7625450967530338,0.741798501005483,0.7625450967530338,Bank,Age,Valid,{397.31},0.5975886436079134,1.2883461105882894,0.07607612836025168,0.21925172986500124,-0.03160530941299985,-0.04704641053416431,3,5.0,1.0
rw1,-,cpp2,Random Forest,0.07607612836025168,1.2883461105882894,0.0,0.0,0.0,0.758609380124631,0.7367572005107315,0.758609380124631,Bank,Age,Valid,{16.95},0.5863473916212253,1.2883461105882894,0.07607612836025168,0.21925172986500124,-0.03160530941299985,-0.04704641053416431,3,6.0,3.0
-,-,cpp1,Random Forest,0.07607612836025168,1.2883461105882894,0.0,0.0,0.0,0.7566415218104297,0.7339513203991969,0.7566415218104297,Bank,Age,Valid,{10.99},0.5812452070692435,1.2883461105882894,0.07607612836025168,0.21925172986500124,-0.03160530941299985,-0.04704641053416431,3,7.0,4.0
rw1,-,roc2,Random Forest,0.07607612836025168,1.2883461105882894,0.0,0.0,0.0,0.7560948945009293,0.7312120839541947,0.7560948945009293,Bank,Age,Valid,{452.15},0.5859268210941639,1.2883461105882894,0.07607612836025168,0.21925172986500124,-0.03160530941299985,-0.04704641053416431,3,8.0,2.0
-,-,cpp1,Naive Bayes,0.07607612836025168,1.2883461105882894,0.0,0.0,0.0,0.44309609708101017,0.7917864285059187,0.44309609708101017,Bank,Age,Fail,{2.82},0.6116285464028871,1.2883461105882894,0.07607612836025168,0.06030386597792585,0.1440906972264419,0.027474923680767538,3,9.0,13.0
-,-,roc1,Naive Bayes,0.07607612836025168,1.2883461105882894,0.0,0.0,0.0,0.44309609708101017,0.7917864285059187,0.44309609708101017,Bank,Age,Fail,{381.96},0.6116285464028871,1.2883461105882894,0.07607612836025168,0.06030386597792585,0.1440906972264419,0.027474923680767538,3,9.0,13.0
rw1,-,cpp2,Naive Bayes,0.07607612836025168,1.2883461105882894,0.0,0.0,0.0,0.44309609708101017,0.7917864285059187,0.44309609708101017,Bank,Age,Fail,{2.37},0.6116285464028871,1.2883461105882894,0.07607612836025168,0.06030386597792585,0.1440906972264419,0.027474923680767538,3,9.0,16.0
rw1,-,roc2,Naive Bayes,0.07607612836025168,1.2883461105882894,0.0,0.0,0.0,0.44309609708101017,0.7917864285059187,0.44309609708101017,Bank,Age,Fail,{358.07},0.6116285464028871,1.2883461105882894,0.07607612836025168,0.06030386597792585,0.1440906972264419,0.027474923680767538,3,9.0,13.0
-,mfc_fdr1,roc2,-,0.07607612836025168,1.2883461105882894,0.0,0.0,0.0,0.7440690936919209,0.7230065609305162,0.7440690936919209,Bank,Age,Valid,{1066.39},0.5371485976835875,1.2883461105882894,0.07607612836025168,0.23759524800511836,0.002227177941698487,0.012534642600903173,3,13.0,22.0
-,mfc_sr1,roc2,-,0.07607612836025168,1.2883461105882894,0.0,0.0,0.0,0.7440690936919209,0.7230065609305162,0.7440690936919209,Bank,Age,Valid,{607.56},0.5371485976835875,1.2883461105882894,0.07607612836025168,0.23759524800511836,0.002227177941698487,0.012534642600903173,3,13.0,20.0
rw1,mfc_fdr2,roc3,-,0.07607612836025168,1.2883461105882894,0.0,0.0,0.0,0.7440690936919209,0.7230065609305162,0.7440690936919209,Bank,Age,Valid,{598.08},0.5371485976835875,1.2883461105882894,0.07607612836025168,0.23759524800511836,0.002227177941698487,0.012534642600903173,3,13.0,20.0
rw1,mfc_sr2,roc3,-,0.07607612836025168,1.2883461105882894,0.0,0.0,0.0,0.7440690936919209,0.7230065609305162,0.7440690936919209,Bank,Age,Valid,{769.82},0.5371485976835875,1.2883461105882894,0.07607612836025168,0.23759524800511836,0.002227177941698487,0.012534642600903173,3,13.0,22.0
di1,-,cpp2,Naive Bayes,0.07607612836025168,1.2883461105882894,0.0,0.0,0.0,0.35082540723734557,0.791942808448841,0.35082540723734557,Bank,Age,Fail,{23.5},0.554207315109952,1.2883461105882894,0.07607612836025168,0.06030386597792585,0.1440906972264419,0.027474923680767538,3,17.0,17.0
di1,-,roc2,Naive Bayes,0.07607612836025168,1.2883461105882894,0.0,0.0,0.0,0.35082540723734557,0.791942808448841,0.35082540723734557,Bank,Age,Fail,{353.27},0.554207315109952,1.2883461105882894,0.07607612836025168,0.06030386597792585,0.1440906972264419,0.027474923680767538,3,17.0,18.0
di1,mfc_fdr2,roc3,-,0.07607612836025168,1.2883461105882894,0.0,0.0,0.0,0.7349950803542145,0.7449597283235468,0.7349950803542145,Bank,Age,Valid,{721.69},0.5061980643877195,1.2883461105882894,0.07607612836025168,0.23759524800511836,0.002227177941698487,0.012534642600903173,3,19.0,27.0
di1,mfc_sr2,roc3,-,0.07607612836025168,1.2883461105882894,0.0,0.0,0.0,0.7349950803542145,0.7449597283235468,0.7349950803542145,Bank,Age,Valid,{763.83},0.5061980643877195,1.2883461105882894,0.07607612836025168,0.23759524800511836,0.002227177941698487,0.012534642600903173,3,19.0,27.0
di1,-,cpp2,Random Forest,0.07607612836025168,1.2883461105882894,0.0,0.0,0.0,0.7119274078932983,0.718413988430418,0.7119274078932983,Bank,Age,Fail,{56.5},0.6436488911133942,1.2883461105882894,0.07607612836025168,0.21925172986500124,-0.03160530941299985,-0.04704641053416431,3,21.0,9.0
di1,-,roc2,Random Forest,0.07607612836025168,1.2883461105882894,0.0,0.0,0.0,0.7038373237126927,0.7176046568257365,0.7038373237126927,Bank,Age,Fail,{420.46},0.6448654174313403,1.2883461105882894,0.07607612836025168,0.21925172986500124,-0.03160530941299985,-0.04704641053416431,3,22.0,10.0
-,-,-,Logistic Regression,0.014716524656480698,1.158686496016717,0.23759524800511836,0.002227177941698487,0.012534642600903173,0.7707445063955395,0.7581646959563477,0.7707445063955395,Bank,Age,Valid,{4.98},0.6043529872764153,1.2883461105882894,0.07607612836025168,0.23759524800511836,0.002227177941698487,0.012534642600903173,2,23.0,42.0
rw1,-,-,Logistic Regression,0.014716524656480698,1.158686496016717,0.23759524800511836,0.002227177941698487,0.012534642600903173,0.7707445063955395,0.7581646959563477,0.7707445063955395,Bank,Age,Valid,{7.89},0.6043529872764153,1.2883461105882894,0.07607612836025168,0.23759524800511836,0.002227177941698487,0.012534642600903173,2,23.0,42.0
-,-,eop1,Logistic Regression,0.05633928625498852,1.2135389170702595,0.0014395331526879881,-0.03372628871503589,-0.07741935483870965,0.7707445063955395,0.7581646959563477,0.7707445063955395,Bank,Age,Valid,{8.48},0.6043529872764153,1.2883461105882894,0.07607612836025168,0.23759524800511836,0.002227177941698487,0.012534642600903173,3,25.0,26.0
rw1,-,eop2,Logistic Regression,0.05633928625498852,1.2135389170702595,0.0014395331526879881,-0.03372628871503589,-0.07741935483870965,0.7707445063955395,0.7581646959563477,0.7707445063955395,Bank,Age,Valid,{4.65},0.6043529872764153,1.2883461105882894,0.07607612836025168,0.23759524800511836,0.002227177941698487,0.012534642600903173,3,25.0,25.0
-,-,-,Random Forest,-0.006745483833851124,0.9487991266375545,0.21925172986500124,-0.03160530941299985,-0.04704641053416431,0.7730403410954412,0.7544878410628844,0.7730403410954412,Bank,Age,Valid,{2.49},0.6297686916982048,1.2883461105882894,0.07607612836025168,0.21925172986500124,-0.03160530941299985,-0.04704641053416431,2,27.0,30.0
-,-,eop1,Naive Bayes,5.7530778966752294e-05,1.0001150747986192,0.20286017223304648,0.0007514603885238613,0.0030077515017654655,0.44309609708101017,0.7917864285059187,0.44309609708101017,Bank,Age,Fail,{0.93},0.6116285464028871,1.2883461105882894,0.07607612836025168,0.06030386597792585,0.1440906972264419,0.027474923680767538,4,28.0,40.0
rw1,-,eop2,Naive Bayes,5.7530778966752294e-05,1.0001150747986192,0.2028601722330465,0.0007514603885238613,0.0030077515017654655,0.44309609708101017,0.7917864285059187,0.44309609708101017,Bank,Age,Fail,{1.74},0.6116285464028871,1.2883461105882894,0.07607612836025168,0.06030386597792585,0.1440906972264419,0.027474923680767538,4,29.0,39.0
-,mfc_fdr1,cpp2,-,0.06730419853569025,1.2550984690247204,0.00043739749193790075,-0.01290322580645159,-0.02580645161290318,0.7440690936919209,0.7230065609305162,0.7440690936919209,Bank,Age,Valid,{352.54},0.5371485976835875,1.2883461105882894,0.07607612836025168,0.23759524800511836,0.002227177941698487,0.012534642600903173,3,30.0,32.0
-,mfc_sr1,cpp2,-,0.06730419853569025,1.2550984690247204,0.00043739749193790075,-0.01290322580645159,-0.02580645161290318,0.7440690936919209,0.7230065609305162,0.7440690936919209,Bank,Age,Valid,{497.45},0.5371485976835875,1.2883461105882894,0.07607612836025168,0.23759524800511836,0.002227177941698487,0.012534642600903173,3,30.0,34.0
rw1,mfc_fdr2,cpp3,-,0.06730419853569025,1.2550984690247204,0.00043739749193790075,-0.01290322580645159,-0.02580645161290318,0.7440690936919209,0.7230065609305162,0.7440690936919209,Bank,Age,Valid,{389.78},0.5371485976835875,1.2883461105882894,0.07607612836025168,0.23759524800511836,0.002227177941698487,0.012534642600903173,3,30.0,33.0
rw1,mfc_sr2,cpp3,-,0.06730419853569025,1.2550984690247204,0.00043739749193790075,-0.01290322580645159,-0.02580645161290318,0.7440690936919209,0.7230065609305162,0.7440690936919209,Bank,Age,Valid,{492.4},0.5371485976835875,1.2883461105882894,0.07607612836025168,0.23759524800511836,0.002227177941698487,0.012534642600903173,3,30.0,35.0
-,-,eop1,Random Forest,0.12107201036765197,1.5477547330063839,0.041563197963048616,0.0827775709113248,0.16223288268643699,0.7637476768339346,0.7478839693512883,0.7637476768339346,Bank,Age,Valid,{7.05},0.5905034296895351,1.2883461105882894,0.07607612836025168,0.21925172986500124,-0.03160530941299985,-0.04704641053416431,1,34.0,24.0
rw1,-,eop2,Random Forest,0.1436649528550406,1.6789516613720272,0.05121834026976294,0.1106248542074463,0.19799389446140425,0.7646222805291353,0.7430775549923412,0.7646222805291353,Bank,Age,Valid,{1.79},0.6098940359842996,1.2883461105882894,0.07607612836025168,0.21925172986500124,-0.03160530941299985,-0.04704641053416431,1,35.0,19.0
di1,-,cpp2,Logistic Regression,0.07607612836025168,1.2883461105882894,0.0,0.0,0.0,0.2422652235705696,0.34095309940064156,0.2422652235705696,Bank,Age,Fail,{39.49},0.403232831795205,1.2883461105882894,0.07607612836025168,0.23759524800511836,0.002227177941698487,0.012534642600903173,3,36.0,11.0
di1,-,roc2,Logistic Regression,0.07607612836025168,1.2883461105882894,0.0,0.0,0.0,0.2422652235705696,0.34095309940064156,0.2422652235705696,Bank,Age,Fail,{360.29},0.403232831795205,1.2883461105882894,0.07607612836025168,0.23759524800511836,0.002227177941698487,0.012534642600903173,3,36.0,11.0
rw1,-,-,Random Forest,-0.02778888020880646,0.7682215375290432,0.2311283255205505,-0.05918589661692943,-0.10248019920374771,0.7653875587624358,0.7440574161213516,0.7653875587624358,Bank,Age,Valid,{10.22},0.6123606574291159,1.2883461105882894,0.07607612836025168,0.21925172986500124,-0.03160530941299985,-0.04704641053416431,2,38.0,29.0
di1,mfc_fdr2,cpp3,-,0.07780205172925408,1.296829513423594,0.0016412280066783254,0.0032708242477104132,0.0065416484954208265,0.7349950803542145,0.7449597283235468,0.7349950803542145,Bank,Age,Valid,{202.21},0.5061980643877195,1.2883461105882894,0.07607612836025168,0.23759524800511836,0.002227177941698487,0.012534642600903173,2,39.0,37.0
di1,mfc_sr2,cpp3,-,0.07906772886652252,1.3031220253987417,0.0028465094762059238,0.0056694286960313756,0.011338857392062751,0.7349950803542145,0.7449597283235468,0.7349950803542145,Bank,Age,Valid,{561.67},0.5061980643877195,1.2883461105882894,0.07607612836025168,0.23759524800511836,0.002227177941698487,0.012534642600903173,2,40.0,38.0
-,mfc_fdr1,-,-,-0.0025374101460070644,0.9325607596974086,0.2847633205213363,-0.016818872345494472,-0.04302294500794846,0.7440690936919209,0.7230065609305162,0.7440690936919209,Bank,Age,Valid,{428.09},0.5371485976835875,1.2883461105882894,0.07607612836025168,0.23759524800511836,0.002227177941698487,0.012534642600903173,2,41.0,51.0
-,mfc_sr1,-,-,-0.0025374101460070644,0.9325607596974086,0.2847633205213363,-0.016818872345494472,-0.04302294500794846,0.7440690936919209,0.7230065609305162,0.7440690936919209,Bank,Age,Valid,{527.89},0.5371485976835875,1.2883461105882894,0.07607612836025168,0.23759524800511836,0.002227177941698487,0.012534642600903173,2,41.0,51.0
rw1,mfc_fdr2,-,-,-0.0025374101460070644,0.9325607596974086,0.2847633205213363,-0.016818872345494472,-0.04302294500794846,0.7440690936919209,0.7230065609305162,0.7440690936919209,Bank,Age,Valid,{373.23},0.5371485976835875,1.2883461105882894,0.07607612836025168,0.23759524800511836,0.002227177941698487,0.012534642600903173,2,41.0,51.0
rw1,mfc_sr2,-,-,-0.0025374101460070644,0.9325607596974086,0.2847633205213363,-0.016818872345494472,-0.04302294500794846,0.7440690936919209,0.7230065609305162,0.7440690936919209,Bank,Age,Valid,{434.58},0.5371485976835875,1.2883461105882894,0.07607612836025168,0.23759524800511836,0.002227177941698487,0.012534642600903173,2,41.0,51.0
di1,-,-,Naive Bayes,0.06446777973584294,1.0709047676137953,0.04768367159105653,0.042819867050912674,0.0018344751909739054,0.35082540723734557,0.791942808448841,0.35082540723734557,Bank,Age,Fail,{36.53},0.554207315109952,1.2883461105882894,0.07607612836025168,0.06030386597792585,0.1440906972264419,0.027474923680767538,5,45.0,57.0
-,mfc_fdr1,eop2,-,0.23359540117120553,3.1971619389382546,0.18600990998542186,0.31726456711355094,0.6554731792411688,0.7440690936919209,0.7230065609305162,0.7440690936919209,Bank,Age,Valid,{510.28},0.5371485976835875,1.2883461105882894,0.07607612836025168,0.23759524800511836,0.002227177941698487,0.012534642600903173,1,46.0,48.0
-,mfc_sr1,eop2,-,0.23359540117120553,3.1971619389382546,0.18600990998542186,0.31726456711355094,0.6554731792411688,0.7440690936919209,0.7230065609305162,0.7440690936919209,Bank,Age,Valid,{559.42},0.5371485976835875,1.2883461105882894,0.07607612836025168,0.23759524800511836,0.002227177941698487,0.012534642600903173,1,46.0,46.0
rw1,mfc_fdr2,eop3,-,0.23359540117120553,3.1971619389382546,0.18600990998542188,0.31726456711355094,0.6554731792411688,0.7440690936919209,0.7230065609305162,0.7440690936919209,Bank,Age,Valid,{634.41},0.5371485976835875,1.2883461105882894,0.07607612836025168,0.23759524800511836,0.002227177941698487,0.012534642600903173,1,48.0,45.0
rw1,mfc_sr2,eop3,-,0.23359540117120553,3.1971619389382546,0.18600990998542188,0.31726456711355094,0.6554731792411688,0.7440690936919209,0.7230065609305162,0.7440690936919209,Bank,Age,Valid,{313.73},0.5371485976835875,1.2883461105882894,0.07607612836025168,0.23759524800511836,0.002227177941698487,0.012534642600903173,1,48.0,47.0
-,-,-,Naive Bayes,0.1991715567828788,1.248706896551724,0.06030386597792585,0.1440906972264419,0.027474923680767538,0.44309609708101017,0.7917864285059187,0.44309609708101017,Bank,Age,Fail,{0.63},0.6116285464028871,1.2883461105882894,0.07607612836025168,0.06030386597792585,0.1440906972264419,0.027474923680767538,1,50.0,49.0
rw1,-,-,Naive Bayes,0.1991715567828788,1.248706896551724,0.06030386597792585,0.1440906972264419,0.027474923680767538,0.44309609708101017,0.7917864285059187,0.44309609708101017,Bank,Age,Fail,{1.21},0.6116285464028871,1.2883461105882894,0.07607612836025168,0.06030386597792585,0.1440906972264419,0.027474923680767538,1,50.0,49.0
di1,mfc_fdr2,-,-,-0.0027546645349999094,0.4432374541003672,0.30697692839163254,-0.004751501110292822,-0.007940013786700055,0.7349950803542145,0.7449597283235468,0.7349950803542145,Bank,Age,Valid,{842.58},0.5061980643877195,1.2883461105882894,0.07607612836025168,0.23759524800511836,0.002227177941698487,0.012534642600903173,3,52.0,59.0
di1,mfc_sr2,-,-,-0.0027546645349999094,0.4432374541003672,0.30697692839163254,-0.004751501110292822,-0.007940013786700055,0.7349950803542145,0.7449597283235468,0.7349950803542145,Bank,Age,Valid,{74.79},0.5061980643877195,1.2883461105882894,0.07607612836025168,0.23759524800511836,0.002227177941698487,0.012534642600903173,3,52.0,59.0
di1,mfc_fdr2,eop3,-,0.2072463044044353,2.562166202583649,0.13310979758373065,0.24858264282599213,0.49716528565198426,0.7349950803542145,0.7449597283235468,0.7349950803542145,Bank,Age,Valid,{538.08},0.5061980643877195,1.2883461105882894,0.07607612836025168,0.23759524800511836,0.002227177941698487,0.012534642600903173,1,54.0,55.0
di1,mfc_sr2,eop3,-,0.2072463044044353,2.562166202583649,0.13310979758373065,0.24858264282599213,0.49716528565198426,0.7349950803542145,0.7449597283235468,0.7349950803542145,Bank,Age,Valid,{603.6},0.5061980643877195,1.2883461105882894,0.07607612836025168,0.23759524800511836,0.002227177941698487,0.012534642600903173,1,54.0,56.0
di1,-,eop2,Random Forest,0.2688042378988548,4.780222704820304,0.21914665870029693,0.37797344405626104,0.770170082860881,0.6824095331802776,0.7090951699662803,0.6824095331802776,Bank,Age,Fail,{49.8},0.6358096138141778,1.2883461105882894,0.07607612836025168,0.21925172986500124,-0.03160530941299985,-0.04704641053416431,1,56.0,31.0
di1,-,eop2,Naive Bayes,-0.45815468512496293,0.42591949705578824,0.057142987706560816,-0.3615886151731618,0.003924989097252474,0.35082540723734557,0.791942808448841,0.35082540723734557,Bank,Age,Fail,{3.12},0.554207315109952,1.2883461105882894,0.07607612836025168,0.06030386597792585,0.1440906972264419,0.027474923680767538,3,57.0,36.0
di1,-,-,Random Forest,-0.14860275905504178,0.4654360186476125,0.19591493015629707,-0.19158789860478068,-0.257493352841045,0.7152071717503007,0.7162064159459873,0.7152071717503007,Bank,Age,Fail,{53.58},0.6385002407441555,1.2883461105882894,0.07607612836025168,0.21925172986500124,-0.03160530941299985,-0.04704641053416431,2,58.0,44.0
di1,-,-,Logistic Regression,-0.03334362831483262,0.9626608074108736,0.10501723328394728,-0.0211682851266507,-0.028836712012717536,0.2422652235705696,0.34095309940064156,0.2422652235705696,Bank,Age,Fail,{40.1},0.403232831795205,1.2883461105882894,0.07607612836025168,0.23759524800511836,0.002227177941698487,0.012534642600903173,3,59.0,58.0
di1,-,eop2,Logistic Regression,-0.13077881535042302,0.8228493322614516,0.3095347415944487,-0.042367327376450506,-0.0018344751909739323,0.2422652235705696,0.34095309940064156,0.2422652235705696,Bank,Age,Fail,{53.18},0.403232831795205,1.2883461105882894,0.07607612836025168,0.23759524800511836,0.002227177941698487,0.012534642600903173,2,60.0,41.0
di1,-,cpp2,Logistic Regression,-0.07197474314287278,0.878951568350623,0.0,0.0,0.0,0.6834143706104808,0.6827188286416096,0.6834143706104808,Compas,Sex,Valid,{81.11},0.6799818749134245,0.878951568350623,-0.07197474314287278,0.19601622048527229,-0.32015911225674065,-0.21533944092083634,3,1.0,11.0
di1,-,roc2,Logistic Regression,-0.07197474314287278,0.878951568350623,0.0,0.0,0.0,0.6834143706104808,0.6827188286416096,0.6834143706104808,Compas,Sex,Valid,{380.17},0.6799818749134245,0.878951568350623,-0.07197474314287278,0.19601622048527229,-0.32015911225674065,-0.21533944092083634,3,1.0,11.0
-,-,cpp1,Logistic Regression,-0.07197474314287278,0.878951568350623,0.0,0.0,0.0,0.6672069151809833,0.666807679623899,0.6672069151809833,Compas,Sex,Valid,{2.42},0.6605490586459246,0.878951568350623,-0.07197474314287278,0.19601622048527229,-0.32015911225674065,-0.21533944092083634,3,3.0,5.0
-,-,roc1,Logistic Regression,-0.07197474314287278,0.878951568350623,0.0,0.0,0.0,0.6672069151809833,0.666807679623899,0.6672069151809833,Compas,Sex,Valid,{237.52},0.6605490586459246,0.878951568350623,-0.07197474314287278,0.19601622048527229,-0.32015911225674065,-0.21533944092083634,3,3.0,8.0
rw1,-,cpp2,Logistic Regression,-0.07197474314287278,0.878951568350623,0.0,0.0,0.0,0.6672069151809833,0.666807679623899,0.6672069151809833,Compas,Sex,Valid,{2.34},0.6605490586459246,0.878951568350623,-0.07197474314287278,0.19601622048527229,-0.32015911225674065,-0.21533944092083634,3,3.0,6.0
rw1,-,roc2,Logistic Regression,-0.07197474314287278,0.878951568350623,0.0,0.0,0.0,0.6672069151809833,0.666807679623899,0.6672069151809833,Compas,Sex,Valid,{100.79},0.6605490586459246,0.878951568350623,-0.07197474314287278,0.19601622048527229,-0.32015911225674065,-0.21533944092083634,3,3.0,6.0
di1,-,cpp2,Logistic Regression,-0.11345218800648305,0.8148148148148148,0.0,0.0,0.0,0.681793625067531,0.6819351000699982,0.681793625067531,Compas,Race,Valid,{65.68},0.6750150846737367,0.8148148148148148,-0.11345218800648305,0.19601622048527229,-0.14230117106432255,-0.09096921596921592,3,7.0,11.0
di1,-,roc2,Logistic Regression,-0.11345218800648305,0.8148148148148148,0.0,0.0,0.0,0.681793625067531,0.6819351000699982,0.681793625067531,Compas,Race,Valid,{91.48},0.6750150846737367,0.8148148148148148,-0.11345218800648305,0.19601622048527229,-0.14230117106432255,-0.09096921596921592,3,7.0,11.0
-,-,cpp1,Logistic Regression,-0.11345218800648305,0.8148148148148148,0.0,0.0,0.0,0.6672069151809833,0.666807679623899,0.6672069151809833,Compas,Race,Valid,{5.28},0.6605490586459246,0.8148148148148148,-0.11345218800648305,0.19601622048527229,-0.14230117106432255,-0.09096921596921592,3,9.0,5.0
-,-,roc1,Logistic Regression,-0.11345218800648305,0.8148148148148148,0.0,0.0,0.0,0.6672069151809833,0.666807679623899,0.6672069151809833,Compas,Race,Valid,{123.82},0.6605490586459246,0.8148148148148148,-0.11345218800648305,0.19601622048527229,-0.14230117106432255,-0.09096921596921592,3,9.0,8.0
rw1,-,cpp2,Logistic Regression,-0.11345218800648305,0.8148148148148148,0.0,0.0,0.0,0.6672069151809833,0.666807679623899,0.6672069151809833,Compas,Race,Valid,{4.73},0.6605490586459246,0.8148148148148148,-0.11345218800648305,0.19601622048527229,-0.14230117106432255,-0.09096921596921592,3,9.0,6.0
rw1,-,roc2,Logistic Regression,-0.11345218800648305,0.8148148148148148,0.0,0.0,0.0,0.6672069151809833,0.666807679623899,0.6672069151809833,Compas,Race,Valid,{179.65},0.6605490586459246,0.8148148148148148,-0.11345218800648305,0.19601622048527229,-0.14230117106432255,-0.09096921596921592,3,9.0,6.0
-,-,roc1,Random Forest,-0.07197474314287278,0.878951568350623,0.0,0.0,0.0,0.6564019448946515,0.6555579264024045,0.6564019448946515,Compas,Sex,Valid,{31.04},0.6528206579030778,0.878951568350623,-0.07197474314287278,0.23000533241595125,-0.19453717963158443,-0.16510453370918488,3,13.0,1.0
-,-,cpp1,Random Forest,-0.07197474314287278,0.878951568350623,0.0,0.0,0.0,0.655861696380335,0.6550022536286052,0.655861696380335,Compas,Sex,Valid,{1.31},0.6522372273313157,0.878951568350623,-0.07197474314287278,0.23000533241595125,-0.19453717963158443,-0.16510453370918488,3,14.0,4.0
rw1,-,roc2,Random Forest,-0.07197474314287278,0.878951568350623,0.0,0.0,0.0,0.6504592112371691,0.6500311137188389,0.6504592112371691,Compas,Sex,Valid,{144.33},0.647850345949677,0.878951568350623,-0.07197474314287278,0.23000533241595125,-0.19453717963158443,-0.16510453370918488,3,15.0,2.0
di1,-,cpp2,Random Forest,-0.07197474314287278,0.878951568350623,0.0,0.0,0.0,0.6499189627228525,0.6507669821838739,0.6499189627228525,Compas,Sex,Valid,{37.23},0.6490359895663361,0.878951568350623,-0.07197474314287278,0.23000533241595125,-0.19453717963158443,-0.16510453370918488,3,16.0,9.0
di1,-,cpp2,Random Forest,-0.11345218800648305,0.8148148148148148,0.0,0.0,0.0,0.6645056726094003,0.6638509365876247,0.6645056726094003,Compas,Race,Valid,{72.74},0.661411291553287,0.8148148148148148,-0.11345218800648305,0.2356076827456959,-0.12397680908263026,-0.09403559403559403,3,17.0,9.0
di1,-,roc2,Random Forest,-0.07197474314287278,0.878951568350623,0.0,0.0,0.0,0.6472177201512695,0.648032257345487,0.6472177201512695,Compas,Sex,Valid,{288.94},0.6462796616337465,0.878951568350623,-0.07197474314287278,0.23000533241595125,-0.19453717963158443,-0.16510453370918488,3,18.0,10.0
rw1,-,cpp2,Random Forest,-0.07197474314287278,0.878951568350623,0.0,0.0,0.0,0.6461372231226364,0.645701728390651,0.6461372231226364,Compas,Sex,Valid,{5.44},0.6435045512280215,0.878951568350623,-0.07197474314287278,0.23000533241595125,-0.19453717963158443,-0.16510453370918488,3,19.0,3.0
di1,-,roc2,Random Forest,-0.11345218800648305,0.8148148148148148,0.0,0.0,0.0,0.6601836844948676,0.659615371106113,0.6601836844948676,Compas,Race,Valid,{290.82},0.6573067342209618,0.8148148148148148,-0.11345218800648305,0.2356076827456959,-0.12397680908263026,-0.09403559403559403,3,20.0,10.0
rw1,-,cpp2,Random Forest,-0.11345218800648305,0.8148148148148148,0.0,0.0,0.0,0.6542409508373852,0.653359907372975,0.6542409508373852,Compas,Race,Valid,{13.89},0.65056734807914,0.8148148148148148,-0.11345218800648305,0.2356076827456959,-0.12397680908263026,-0.09403559403559403,3,21.0,3.0
-,-,roc1,Random Forest,-0.11345218800648305,0.8148148148148148,0.0,0.0,0.0,0.6537007023230686,0.6530066018285497,0.6537007023230686,Compas,Race,Valid,{59.96},0.6505468047491483,0.8148148148148148,-0.11345218800648305,0.2356076827456959,-0.12397680908263026,-0.09403559403559403,3,22.0,1.0
rw1,-,eop2,Logistic Regression,0.04051863857374394,1.06631299734748,0.03163901237794181,0.1534263111933015,0.002645502645502673,0.6672069151809833,0.666807679623899,0.6672069151809833,Compas,Race,Valid,{3.93},0.6605490586459246,0.8148148148148148,-0.11345218800648305,0.19601622048527229,-0.14230117106432255,-0.09096921596921592,3,23.0,25.0
-,-,eop1,Logistic Regression,0.04051863857374394,1.06631299734748,0.03163901237794182,0.1534263111933015,0.002645502645502673,0.6672069151809833,0.666807679623899,0.6672069151809833,Compas,Race,Valid,{0.31},0.6605490586459246,0.8148148148148148,-0.11345218800648305,0.19601622048527229,-0.14230117106432255,-0.09096921596921592,3,24.0,26.0
rw1,-,roc2,Random Forest,-0.11345218800648305,0.8148148148148148,0.0,0.0,0.0,0.6520799567801189,0.6513973033078135,0.6520799567801189,Compas,Race,Valid,{123.32},0.6489573379600826,0.8148148148148148,-0.11345218800648305,0.2356076827456959,-0.12397680908263026,-0.09403559403559403,3,25.0,2.0
-,-,cpp1,Random Forest,-0.11345218800648305,0.8148148148148148,0.0,0.0,0.0,0.6504592112371691,0.6495690829473761,0.6504592112371691,Compas,Race,Valid,{14.79},0.6468049839292465,0.8148148148148148,-0.11345218800648305,0.2356076827456959,-0.12397680908263026,-0.09403559403559403,3,26.0,4.0
di1,-,cpp2,Naive Bayes,-0.07197474314287278,0.878951568350623,0.0,0.0,0.0,0.49810913019989195,0.5971976946862483,0.49810913019989195,Compas,Sex,Fail,{21.38},0.5287559663699819,0.878951568350623,-0.07197474314287278,0.7109277576870648,0.004545899772701527,0.0048390885600188005,3,27.0,17.0
di1,-,roc2,Naive Bayes,-0.07197474314287278,0.878951568350623,0.0,0.0,0.0,0.49810913019989195,0.5971976946862483,0.49810913019989195,Compas,Sex,Fail,{15.54},0.5287559663699819,0.878951568350623,-0.07197474314287278,0.7109277576870648,0.004545899772701527,0.0048390885600188005,3,27.0,18.0
-,-,cpp1,Naive Bayes,-0.07197474314287278,0.878951568350623,0.0,0.0,0.0,0.4759589411129119,0.5435572522516539,0.4759589411129119,Compas,Sex,Fail,{0.09},0.5086146986939138,0.878951568350623,-0.07197474314287278,0.7109277576870648,0.004545899772701527,0.0048390885600188005,3,29.0,13.0
-,-,roc1,Naive Bayes,-0.07197474314287278,0.878951568350623,0.0,0.0,0.0,0.4759589411129119,0.5435572522516539,0.4759589411129119,Compas,Sex,Fail,{90.27},0.5086146986939138,0.878951568350623,-0.07197474314287278,0.7109277576870648,0.004545899772701527,0.0048390885600188005,3,29.0,13.0
rw1,-,cpp2,Naive Bayes,-0.07197474314287278,0.878951568350623,0.0,0.0,0.0,0.4759589411129119,0.5435572522516539,0.4759589411129119,Compas,Sex,Fail,{0.51},0.5086146986939138,0.878951568350623,-0.07197474314287278,0.7109277576870648,0.004545899772701527,0.0048390885600188005,3,29.0,16.0
rw1,-,roc2,Naive Bayes,-0.07197474314287278,0.878951568350623,0.0,0.0,0.0,0.4759589411129119,0.5435572522516539,0.4759589411129119,Compas,Sex,Fail,{161.01},0.5086146986939138,0.878951568350623,-0.07197474314287278,0.7109277576870648,0.004545899772701527,0.0048390885600188005,3,29.0,13.0
di1,-,eop2,Random Forest,0.05996758508914102,1.112121212121212,0.04803513919179507,0.1589613191554939,0.12698412698412698,0.6672069151809833,0.6667111456587584,0.6672069151809833,Compas,Race,Valid,{7.24},0.6644892693383169,0.8148148148148148,-0.11345218800648305,0.2356076827456959,-0.12397680908263026,-0.09403559403559403,2,33.0,31.0
-,mfc_fdr1,cpp2,-,-0.07197474314287278,0.878951568350623,0.0,0.0,0.0,0.5148568341437061,0.42772031805756316,0.5148568341437061,Compas,Sex,Fail,{3194.3},0.4821102812910133,0.878951568350623,-0.07197474314287278,0.19601622048527229,-0.32015911225674065,-0.21533944092083634,3,34.0,32.0
-,mfc_fdr1,roc2,-,-0.07197474314287278,0.878951568350623,0.0,0.0,0.0,0.5148568341437061,0.42772031805756316,0.5148568341437061,Compas,Sex,Fail,{1679.01},0.4821102812910133,0.878951568350623,-0.07197474314287278,0.19601622048527229,-0.32015911225674065,-0.21533944092083634,3,34.0,22.0
-,mfc_sr1,cpp2,-,-0.07197474314287278,0.878951568350623,0.0,0.0,0.0,0.5148568341437061,0.42772031805756316,0.5148568341437061,Compas,Sex,Fail,{813.0},0.4821102812910133,0.878951568350623,-0.07197474314287278,0.19601622048527229,-0.32015911225674065,-0.21533944092083634,3,34.0,34.0
-,mfc_sr1,roc2,-,-0.07197474314287278,0.878951568350623,0.0,0.0,0.0,0.5148568341437061,0.42772031805756316,0.5148568341437061,Compas,Sex,Fail,{3564.61},0.4821102812910133,0.878951568350623,-0.07197474314287278,0.19601622048527229,-0.32015911225674065,-0.21533944092083634,3,34.0,20.0
rw1,mfc_fdr2,cpp3,-,-0.07197474314287278,0.878951568350623,0.0,0.0,0.0,0.5148568341437061,0.42772031805756316,0.5148568341437061,Compas,Sex,Fail,{3248.22},0.4821102812910133,0.878951568350623,-0.07197474314287278,0.19601622048527229,-0.32015911225674065,-0.21533944092083634,3,34.0,33.0
rw1,mfc_fdr2,roc3,-,-0.07197474314287278,0.878951568350623,0.0,0.0,0.0,0.5148568341437061,0.42772031805756316,0.5148568341437061,Compas,Sex,Fail,{3338.64},0.4821102812910133,0.878951568350623,-0.07197474314287278,0.19601622048527229,-0.32015911225674065,-0.21533944092083634,3,34.0,20.0
rw1,mfc_sr2,cpp3,-,-0.07197474314287278,0.878951568350623,0.0,0.0,0.0,0.5148568341437061,0.42772031805756316,0.5148568341437061,Compas,Sex,Fail,{3435.12},0.4821102812910133,0.878951568350623,-0.07197474314287278,0.19601622048527229,-0.32015911225674065,-0.21533944092083634,3,34.0,35.0
rw1,mfc_sr2,roc3,-,-0.07197474314287278,0.878951568350623,0.0,0.0,0.0,0.5148568341437061,0.42772031805756316,0.5148568341437061,Compas,Sex,Fail,{1118.77},0.4821102812910133,0.878951568350623,-0.07197474314287278,0.19601622048527229,-0.32015911225674065,-0.21533944092083634,3,34.0,22.0
-,-,eop1,Random Forest,0.005672609400324213,1.0095108695652175,0.028169303996982753,0.11597832228900193,0.02645502645502651,0.6596434359805511,0.6590920269232663,0.6596434359805511,Compas,Race,Valid,{9.22},0.6568037161123098,0.8148148148148148,-0.11345218800648305,0.2356076827456959,-0.12397680908263026,-0.09403559403559403,4,42.0,24.0
-,mfc_fdr1,cpp2,-,-0.11345218800648305,0.8148148148148148,0.0,0.0,0.0,0.5164775796866559,0.43224384335894905,0.5164775796866559,Compas,Race,Fail,{3254.89},0.483619335616969,0.8148148148148148,-0.11345218800648305,0.19601622048527229,-0.14230117106432255,-0.09096921596921592,3,43.0,32.0
-,mfc_fdr1,roc2,-,-0.11345218800648305,0.8148148148148148,0.0,0.0,0.0,0.5164775796866559,0.43224384335894905,0.5164775796866559,Compas,Race,Fail,{2891.0},0.483619335616969,0.8148148148148148,-0.11345218800648305,0.19601622048527229,-0.14230117106432255,-0.09096921596921592,3,43.0,22.0
-,mfc_sr1,cpp2,-,-0.11345218800648305,0.8148148148148148,0.0,0.0,0.0,0.5164775796866559,0.43224384335894905,0.5164775796866559,Compas,Race,Fail,{2895.34},0.483619335616969,0.8148148148148148,-0.11345218800648305,0.19601622048527229,-0.14230117106432255,-0.09096921596921592,3,43.0,34.0
-,mfc_sr1,roc2,-,-0.11345218800648305,0.8148148148148148,0.0,0.0,0.0,0.5164775796866559,0.43224384335894905,0.5164775796866559,Compas,Race,Fail,{3404.74},0.483619335616969,0.8148148148148148,-0.11345218800648305,0.19601622048527229,-0.14230117106432255,-0.09096921596921592,3,43.0,20.0
rw1,mfc_fdr2,cpp3,-,-0.11345218800648305,0.8148148148148148,0.0,0.0,0.0,0.5164775796866559,0.43224384335894905,0.5164775796866559,Compas,Race,Fail,{1208.46},0.483619335616969,0.8148148148148148,-0.11345218800648305,0.19601622048527229,-0.14230117106432255,-0.09096921596921592,3,43.0,33.0
rw1,mfc_fdr2,roc3,-,-0.11345218800648305,0.8148148148148148,0.0,0.0,0.0,0.5164775796866559,0.43224384335894905,0.5164775796866559,Compas,Race,Fail,{2781.74},0.483619335616969,0.8148148148148148,-0.11345218800648305,0.19601622048527229,-0.14230117106432255,-0.09096921596921592,3,43.0,20.0
rw1,mfc_sr2,cpp3,-,-0.11345218800648305,0.8148148148148148,0.0,0.0,0.0,0.5164775796866559,0.43224384335894905,0.5164775796866559,Compas,Race,Fail,{2861.06},0.483619335616969,0.8148148148148148,-0.11345218800648305,0.19601622048527229,-0.14230117106432255,-0.09096921596921592,3,43.0,35.0
rw1,mfc_sr2,roc3,-,-0.11345218800648305,0.8148148148148148,0.0,0.0,0.0,0.5164775796866559,0.43224384335894905,0.5164775796866559,Compas,Race,Fail,{3366.31},0.483619335616969,0.8148148148148148,-0.11345218800648305,0.19601622048527229,-0.14230117106432255,-0.09096921596921592,3,43.0,22.0
di1,-,eop2,Logistic Regression,0.21367228132926985,1.3875428631952442,0.056836351611631336,0.29025331104539026,0.07272727272727275,0.6834143706104808,0.6827188286416096,0.6834143706104808,Compas,Sex,Valid,{111.17},0.6799818749134245,0.878951568350623,-0.07197474314287278,0.19601622048527229,-0.32015911225674065,-0.21533944092083634,3,51.0,41.0
di1,-,eop2,Logistic Regression,0.11750405186385737,1.2083333333333333,0.05229109199153242,0.22172137463399602,0.07936507936507942,0.681793625067531,0.6819351000699982,0.681793625067531,Compas,Race,Valid,{102.51},0.6750150846737367,0.8148148148148148,-0.11345218800648305,0.19601622048527229,-0.14230117106432255,-0.09096921596921592,2,52.0,41.0
di1,-,cpp2,Naive Bayes,-0.11345218800648305,0.8148148148148148,0.0,0.0,0.0,0.4970286331712588,0.5887254772533712,0.4970286331712588,Compas,Race,Fail,{116.1},0.5273478678371278,0.8148148148148148,-0.11345218800648305,0.7109277576870648,-0.004803793735223237,0.002044252044252043,3,53.0,17.0
di1,-,roc2,Naive Bayes,-0.11345218800648305,0.8148148148148148,0.0,0.0,0.0,0.4970286331712588,0.5887254772533712,0.4970286331712588,Compas,Race,Fail,{284.81},0.5273478678371278,0.8148148148148148,-0.11345218800648305,0.7109277576870648,-0.004803793735223237,0.002044252044252043,3,53.0,18.0
-,-,cpp1,Naive Bayes,-0.11345218800648305,0.8148148148148148,0.0,0.0,0.0,0.4759589411129119,0.5435572522516539,0.4759589411129119,Compas,Race,Fail,{2.49},0.5086146986939138,0.8148148148148148,-0.11345218800648305,0.7109277576870648,-0.004803793735223237,0.002044252044252043,3,55.0,13.0
-,-,roc1,Naive Bayes,-0.11345218800648305,0.8148148148148148,0.0,0.0,0.0,0.4759589411129119,0.5435572522516539,0.4759589411129119,Compas,Race,Fail,{163.29},0.5086146986939138,0.8148148148148148,-0.11345218800648305,0.7109277576870648,-0.004803793735223237,0.002044252044252043,3,55.0,13.0
rw1,-,cpp2,Naive Bayes,-0.11345218800648305,0.8148148148148148,0.0,0.0,0.0,0.4759589411129119,0.5435572522516539,0.4759589411129119,Compas,Race,Fail,{0.48},0.5086146986939138,0.8148148148148148,-0.11345218800648305,0.7109277576870648,-0.004803793735223237,0.002044252044252043,3,55.0,16.0
rw1,-,roc2,Naive Bayes,-0.11345218800648305,0.8148148148148148,0.0,0.0,0.0,0.4759589411129119,0.5435572522516539,0.4759589411129119,Compas,Race,Fail,{129.11},0.5086146986939138,0.8148148148148148,-0.11345218800648305,0.7109277576870648,-0.004803793735223237,0.002044252044252043,3,55.0,13.0
-,-,eop1,Logistic Regression,0.24066463492526968,1.418055938602581,0.05659571030769576,0.3235469975568986,0.03181818181818186,0.6672069151809833,0.666807679623899,0.6672069151809833,Compas,Sex,Valid,{0.81},0.6605490586459246,0.878951568350623,-0.07197474314287278,0.19601622048527229,-0.32015911225674065,-0.21533944092083634,2,59.0,26.0
rw1,-,eop2,Logistic Regression,0.24066463492526968,1.418055938602581,0.05659571030769576,0.3235469975568986,0.03181818181818186,0.6672069151809833,0.666807679623899,0.6672069151809833,Compas,Sex,Valid,{1.88},0.6605490586459246,0.878951568350623,-0.07197474314287278,0.19601622048527229,-0.32015911225674065,-0.21533944092083634,2,59.0,25.0
rw1,-,eop2,Random Forest,0.02350081037277152,1.0409604519774012,0.03503248837897745,0.12964247187548159,0.06349206349206349,0.646677471636953,0.6461335219528911,0.646677471636953,Compas,Race,Valid,{17.64},0.6438467444104535,0.8148148148148148,-0.11345218800648305,0.2356076827456959,-0.12397680908263026,-0.09403559403559403,3,61.0,19.0
rw1,-,eop2,Random Forest,0.08336405277661196,1.154998490087168,0.03708006621077749,0.150980455188376,0.09545454545454546,0.6553214478660183,0.6545543503019204,0.6553214478660183,Compas,Sex,Valid,{12.88},0.6519754466119939,0.878951568350623,-0.07197474314287278,0.23000533241595125,-0.19453717963158443,-0.16510453370918488,3,62.0,19.0
-,mfc_fdr1,-,-,0.004051863857374438,1.0043103448275863,0.097923846891389,0.0014580101156451142,-0.005892255892255838,0.5164775796866559,0.43224384335894905,0.5164775796866559,Compas,Race,Fail,{2881.76},0.483619335616969,0.8148148148148148,-0.11345218800648305,0.19601622048527229,-0.14230117106432255,-0.09096921596921592,4,63.0,51.0
-,mfc_sr1,-,-,0.004051863857374438,1.0043103448275863,0.097923846891389,0.0014580101156451142,-0.005892255892255838,0.5164775796866559,0.43224384335894905,0.5164775796866559,Compas,Race,Fail,{2764.72},0.483619335616969,0.8148148148148148,-0.11345218800648305,0.19601622048527229,-0.14230117106432255,-0.09096921596921592,4,63.0,51.0
rw1,mfc_fdr2,-,-,0.004051863857374438,1.0043103448275863,0.097923846891389,0.0014580101156451142,-0.005892255892255838,0.5164775796866559,0.43224384335894905,0.5164775796866559,Compas,Race,Fail,{3483.55},0.483619335616969,0.8148148148148148,-0.11345218800648305,0.19601622048527229,-0.14230117106432255,-0.09096921596921592,4,63.0,51.0
rw1,mfc_sr2,-,-,0.004051863857374438,1.0043103448275863,0.097923846891389,0.0014580101156451142,-0.005892255892255838,0.5164775796866559,0.43224384335894905,0.5164775796866559,Compas,Race,Fail,{3032.38},0.483619335616969,0.8148148148148148,-0.11345218800648305,0.19601622048527229,-0.14230117106432255,-0.09096921596921592,4,63.0,51.0
-,-,eop1,Random Forest,0.10362428600105844,1.194624293504526,0.04126294621718912,0.17108460846084605,0.1045454545454545,0.653160453808752,0.6525538320147973,0.653160453808752,Compas,Sex,Valid,{1.14},0.6502046115667165,0.878951568350623,-0.07197474314287278,0.23000533241595125,-0.19453717963158443,-0.16510453370918488,3,67.0,24.0
di1,mfc_fdr2,cpp3,-,-0.07197474314287278,0.878951568350623,0.0,0.0,0.0,0.3171258779038358,0.31587178018160633,0.3171258779038358,Compas,Sex,Fail,{2629.67},0.32446135388761976,0.878951568350623,-0.07197474314287278,0.19601622048527229,-0.32015911225674065,-0.21533944092083634,3,68.0,37.0
di1,mfc_fdr2,roc3,-,-0.07197474314287278,0.878951568350623,0.0,0.0,0.0,0.3171258779038358,0.31587178018160633,0.3171258779038358,Compas,Sex,Fail,{2546.59},0.32446135388761976,0.878951568350623,-0.07197474314287278,0.19601622048527229,-0.32015911225674065,-0.21533944092083634,3,68.0,27.0
di1,mfc_sr2,cpp3,-,-0.07197474314287278,0.878951568350623,0.0,0.0,0.0,0.3171258779038358,0.31587178018160633,0.3171258779038358,Compas,Sex,Fail,{3084.85},0.32446135388761976,0.878951568350623,-0.07197474314287278,0.19601622048527229,-0.32015911225674065,-0.21533944092083634,3,68.0,38.0
di1,mfc_sr2,roc3,-,-0.07197474314287278,0.878951568350623,0.0,0.0,0.0,0.3171258779038358,0.31587178018160633,0.3171258779038358,Compas,Sex,Fail,{2399.95},0.32446135388761976,0.878951568350623,-0.07197474314287278,0.19601622048527229,-0.32015911225674065,-0.21533944092083634,3,68.0,27.0
-,-,-,Logistic Regression,-0.16936790923824963,0.7630385487528344,0.19601622048527229,-0.14230117106432255,-0.09096921596921592,0.6672069151809833,0.666807679623899,0.6672069151809833,Compas,Race,Valid,{6.53},0.6605490586459246,0.8148148148148148,-0.11345218800648305,0.19601622048527229,-0.14230117106432255,-0.09096921596921592,1,72.0,42.0
rw1,-,-,Logistic Regression,-0.16936790923824963,0.7630385487528344,0.19601622048527229,-0.14230117106432255,-0.09096921596921592,0.6672069151809833,0.666807679623899,0.6672069151809833,Compas,Race,Valid,{5.48},0.6605490586459246,0.8148148148148148,-0.11345218800648305,0.19601622048527229,-0.14230117106432255,-0.09096921596921592,1,72.0,42.0
-,mfc_fdr1,-,-,0.004093289778637543,1.0043646029339939,0.0995836023651238,0.0024885079870113347,-0.003500117453605789,0.5148568341437061,0.42772031805756316,0.5148568341437061,Compas,Sex,Fail,{3347.46},0.4821102812910133,0.878951568350623,-0.07197474314287278,0.19601622048527229,-0.32015911225674065,-0.21533944092083634,4,74.0,51.0
-,mfc_sr1,-,-,0.004093289778637543,1.0043646029339939,0.0995836023651238,0.0024885079870113347,-0.003500117453605789,0.5148568341437061,0.42772031805756316,0.5148568341437061,Compas,Sex,Fail,{3715.7},0.4821102812910133,0.878951568350623,-0.07197474314287278,0.19601622048527229,-0.32015911225674065,-0.21533944092083634,4,74.0,51.0
rw1,mfc_fdr2,-,-,0.004093289778637543,1.0043646029339939,0.0995836023651238,0.0024885079870113347,-0.003500117453605789,0.5148568341437061,0.42772031805756316,0.5148568341437061,Compas,Sex,Fail,{1714.57},0.4821102812910133,0.878951568350623,-0.07197474314287278,0.19601622048527229,-0.32015911225674065,-0.21533944092083634,4,74.0,51.0
rw1,mfc_sr2,-,-,0.004093289778637543,1.0043646029339939,0.0995836023651238,0.0024885079870113347,-0.003500117453605789,0.5148568341437061,0.42772031805756316,0.5148568341437061,Compas,Sex,Fail,{3232.86},0.4821102812910133,0.878951568350623,-0.07197474314287278,0.19601622048527229,-0.32015911225674065,-0.21533944092083634,4,74.0,51.0
di1,-,-,Logistic Regression,-0.26499189627228525,0.6607883817427386,0.1851104863506039,-0.23645926835287842,-0.18025493025493022,0.681793625067531,0.6819351000699982,0.681793625067531,Compas,Race,Valid,{76.94},0.6750150846737367,0.8148148148148148,-0.11345218800648305,0.19601622048527229,-0.14230117106432255,-0.09096921596921592,2,78.0,58.0
-,-,-,Naive Bayes,0.0033377739657280484,1.05880839844378,0.7109277576870648,0.004545899772701527,0.0048390885600188005,0.4759589411129119,0.5435572522516539,0.4759589411129119,Compas,Sex,Fail,{0.86},0.5086146986939138,0.878951568350623,-0.07197474314287278,0.7109277576870648,0.004545899772701527,0.0048390885600188005,1,79.0,49.0
rw1,-,-,Naive Bayes,0.0033377739657280484,1.05880839844378,0.7109277576870648,0.004545899772701527,0.0048390885600188005,0.4759589411129119,0.5435572522516539,0.4759589411129119,Compas,Sex,Fail,{0.19},0.5086146986939138,0.878951568350623,-0.07197474314287278,0.7109277576870648,0.004545899772701527,0.0048390885600188005,1,79.0,49.0
di1,-,-,Logistic Regression,-0.3341168312133876,0.5960025243498255,0.20751373156578354,-0.32356906122505935,-0.2346723044397463,0.6834143706104808,0.6827188286416096,0.6834143706104808,Compas,Sex,Valid,{52.49},0.6799818749134245,0.878951568350623,-0.07197474314287278,0.19601622048527229,-0.32015911225674065,-0.21533944092083634,1,81.0,58.0
di1,-,eop2,Naive Bayes,-0.0364667747163695,0.9324324324324325,0.025674282523104247,0.06356911696717522,0.11904761904761907,0.4970286331712588,0.5887254772533712,0.4970286331712588,Compas,Race,Fail,{41.86},0.5273478678371278,0.8148148148148148,-0.11345218800648305,0.7109277576870648,-0.004803793735223237,0.002044252044252043,2,81.0,36.0
di1,-,eop2,Random Forest,0.11646805482051936,1.228006244886731,0.04395542054135537,0.18007265012215506,0.14090909090909087,0.6439762290653701,0.6450221086291763,0.6439762290653701,Compas,Sex,Valid,{65.57},0.643261552981835,0.878951568350623,-0.07197474314287278,0.23000533241595125,-0.19453717963158443,-0.16510453370918488,3,83.0,31.0
di1,mfc_fdr2,cpp3,-,-0.11345218800648305,0.8148148148148148,0.0,0.0,0.0,0.3171258779038358,0.3166413555355647,0.3171258779038358,Compas,Race,Fail,{2227.22},0.32397887910895945,0.8148148148148148,-0.11345218800648305,0.19601622048527229,-0.14230117106432255,-0.09096921596921592,3,83.0,37.0
di1,mfc_fdr2,roc3,-,-0.11345218800648305,0.8148148148148148,0.0,0.0,0.0,0.3171258779038358,0.3166413555355647,0.3171258779038358,Compas,Race,Fail,{2188.73},0.32397887910895945,0.8148148148148148,-0.11345218800648305,0.19601622048527229,-0.14230117106432255,-0.09096921596921592,3,83.0,27.0
di1,mfc_sr2,cpp3,-,-0.11345218800648305,0.8148148148148148,0.0,0.0,0.0,0.3171258779038358,0.3166413555355647,0.3171258779038358,Compas,Race,Fail,{1230.25},0.32397887910895945,0.8148148148148148,-0.11345218800648305,0.19601622048527229,-0.14230117106432255,-0.09096921596921592,3,83.0,38.0
di1,mfc_sr2,roc3,-,-0.11345218800648305,0.8148148148148148,0.0,0.0,0.0,0.3171258779038358,0.3166413555355647,0.3171258779038358,Compas,Race,Fail,{2775.49},0.32397887910895945,0.8148148148148148,-0.11345218800648305,0.19601622048527229,-0.14230117106432255,-0.09096921596921592,3,83.0,27.0
-,-,-,Naive Bayes,-0.005672609400324144,0.9102564102564104,0.7109277576870648,-0.004803793735223237,0.002044252044252043,0.4759589411129119,0.5435572522516539,0.4759589411129119,Compas,Race,Fail,{0.15},0.5086146986939138,0.8148148148148148,-0.11345218800648305,0.7109277576870648,-0.004803793735223237,0.002044252044252043,1,88.0,49.0
rw1,-,-,Naive Bayes,-0.005672609400324144,0.9102564102564104,0.7109277576870648,-0.004803793735223237,0.002044252044252043,0.4759589411129119,0.5435572522516539,0.4759589411129119,Compas,Race,Fail,{0.1},0.5086146986939138,0.8148148148148148,-0.11345218800648305,0.7109277576870648,-0.004803793735223237,0.002044252044252043,1,88.0,49.0
-,-,-,Logistic Regression,-0.32536270233771913,0.6226200631192599,0.19601622048527229,-0.32015911225674065,-0.21533944092083634,0.6672069151809833,0.666807679623899,0.6672069151809833,Compas,Sex,Valid,{2.01},0.6605490586459246,0.878951568350623,-0.07197474314287278,0.19601622048527229,-0.32015911225674065,-0.21533944092083634,1,90.0,42.0
rw1,-,-,Logistic Regression,-0.32536270233771913,0.6226200631192599,0.19601622048527229,-0.32015911225674065,-0.21533944092083634,0.6672069151809833,0.666807679623899,0.6672069151809833,Compas,Sex,Valid,{1.17},0.6605490586459246,0.878951568350623,-0.07197474314287278,0.19601622048527229,-0.32015911225674065,-0.21533944092083634,1,90.0,42.0
rw1,-,-,Random Forest,-0.13776337115072934,0.7875,0.2297858797749753,-0.10909468922478224,-0.08207070707070707,0.653160453808752,0.652383742513302,0.653160453808752,Compas,Race,Valid,{1.19},0.6498025492511663,0.8148148148148148,-0.11345218800648305,0.2356076827456959,-0.12397680908263026,-0.09403559403559403,4,92.0,29.0
-,-,-,Random Forest,-0.15235008103727715,0.7644110275689223,0.2356076827456959,-0.12397680908263026,-0.09403559403559403,0.6537007023230686,0.6533225853398835,0.6537007023230686,Compas,Race,Valid,{8.16},0.6511901044540287,0.8148148148148148,-0.11345218800648305,0.2356076827456959,-0.12397680908263026,-0.09403559403559403,1,93.0,30.0
di1,-,-,Random Forest,-0.23662884927066447,0.6674259681093394,0.22278826520392406,-0.20402622163854242,-0.19125781625781635,0.6655861696380335,0.6649353700635322,0.6655861696380335,Compas,Race,Valid,{7.72},0.6624977402337009,0.8148148148148148,-0.11345218800648305,0.2356076827456959,-0.12397680908263026,-0.09403559403559403,2,94.0,44.0
-,mfc_sr1,eop2,-,-0.05996758508914102,0.8451882845188284,0.7897319684313103,-0.1723304573443705,0.021705146705146706,0.5164775796866559,0.43224384335894905,0.5164775796866559,Compas,Race,Fail,{3055.49},0.483619335616969,0.8148148148148148,-0.11345218800648305,0.19601622048527229,-0.14230117106432255,-0.09096921596921592,2,95.0,46.0
-,mfc_fdr1,eop2,-,-0.05996758508914102,0.8451882845188284,0.7897319684313104,-0.1723304573443705,0.021705146705146706,0.5164775796866559,0.43224384335894905,0.5164775796866559,Compas,Race,Fail,{2742.93},0.483619335616969,0.8148148148148148,-0.11345218800648305,0.19601622048527229,-0.14230117106432255,-0.09096921596921592,2,96.0,48.0
rw1,mfc_fdr2,eop3,-,-0.05996758508914102,0.8451882845188284,0.7897319684313104,-0.1723304573443705,0.021705146705146706,0.5164775796866559,0.43224384335894905,0.5164775796866559,Compas,Race,Fail,{2608.15},0.483619335616969,0.8148148148148148,-0.11345218800648305,0.19601622048527229,-0.14230117106432255,-0.09096921596921592,2,96.0,45.0
rw1,mfc_sr2,eop3,-,-0.05996758508914102,0.8451882845188284,0.7897319684313104,-0.1723304573443705,0.021705146705146706,0.5164775796866559,0.43224384335894905,0.5164775796866559,Compas,Race,Fail,{2601.47},0.483619335616969,0.8148148148148148,-0.11345218800648305,0.19601622048527229,-0.14230117106432255,-0.09096921596921592,2,96.0,47.0
-,-,eop1,Naive Bayes,-0.09020566819351428,0.8482904671290896,0.014694141939220778,-0.017441860465116255,-0.03488372093023251,0.4759589411129119,0.5435572522516539,0.4759589411129119,Compas,Sex,Fail,{0.77},0.5086146986939138,0.878951568350623,-0.07197474314287278,0.7109277576870648,0.004545899772701527,0.0048390885600188005,2,99.0,40.0
rw1,-,eop2,Naive Bayes,-0.09020566819351428,0.8482904671290896,0.01469414193922078,-0.017441860465116255,-0.03488372093023251,0.4759589411129119,0.5435572522516539,0.4759589411129119,Compas,Sex,Fail,{0.69},0.5086146986939138,0.878951568350623,-0.07197474314287278,0.7109277576870648,0.004545899772701527,0.0048390885600188005,2,100.0,39.0
-,-,-,Random Forest,-0.2111557202036607,0.7073872042121556,0.23000533241595125,-0.19453717963158443,-0.16510453370918488,0.655861696380335,0.6552093677486645,0.655861696380335,Compas,Sex,Valid,{5.28},0.6528001145730862,0.878951568350623,-0.07197474314287278,0.23000533241595125,-0.19453717963158443,-0.16510453370918488,1,101.0,30.0
di1,-,eop2,Naive Bayes,0.14964687847874886,1.4012271379502685,0.046095278312592955,0.18530303030303033,0.3772727272727273,0.49810913019989195,0.5971976946862483,0.49810913019989195,Compas,Sex,Fail,{69.35},0.5287559663699819,0.878951568350623,-0.07197474314287278,0.7109277576870648,0.004545899772701527,0.0048390885600188005,1,102.0,36.0
-,mfc_sr1,eop2,-,-0.058342609996897665,0.8560882286743191,0.7860571995677018,-0.13641111453338023,0.016126380079868455,0.5148568341437061,0.42772031805756316,0.5148568341437061,Compas,Sex,Fail,{3102.81},0.4821102812910133,0.878951568350623,-0.07197474314287278,0.19601622048527229,-0.32015911225674065,-0.21533944092083634,4,103.0,46.0
rw1,mfc_fdr2,eop3,-,-0.058342609996897665,0.8560882286743191,0.7860571995677018,-0.13641111453338023,0.016126380079868455,0.5148568341437061,0.42772031805756316,0.5148568341437061,Compas,Sex,Fail,{3412.81},0.4821102812910133,0.878951568350623,-0.07197474314287278,0.19601622048527229,-0.32015911225674065,-0.21533944092083634,4,103.0,45.0
-,mfc_fdr1,eop2,-,-0.058342609996897665,0.8560882286743191,0.7860571995677019,-0.13641111453338023,0.016126380079868455,0.5148568341437061,0.42772031805756316,0.5148568341437061,Compas,Sex,Fail,{3333.95},0.4821102812910133,0.878951568350623,-0.07197474314287278,0.19601622048527229,-0.32015911225674065,-0.21533944092083634,4,105.0,48.0
di1,-,-,Naive Bayes,-0.026742301458670986,0.7573529411764706,0.6609317765783035,-0.02028513942790662,-0.023508898508898507,0.4970286331712588,0.5887254772533712,0.4970286331712588,Compas,Race,Fail,{60.2},0.5273478678371278,0.8148148148148148,-0.11345218800648305,0.7109277576870648,-0.004803793735223237,0.002044252044252043,3,105.0,57.0
rw1,mfc_sr2,eop3,-,-0.058342609996897665,0.8560882286743191,0.7860571995677019,-0.13641111453338023,0.016126380079868455,0.5148568341437061,0.42772031805756316,0.5148568341437061,Compas,Sex,Fail,{4595.21},0.4821102812910133,0.878951568350623,-0.07197474314287278,0.19601622048527229,-0.32015911225674065,-0.21533944092083634,4,105.0,47.0
di1,-,-,Naive Bayes,-0.04194572695585526,0.6551129116963013,0.6625199001136853,-0.03538569139305957,-0.05118628141883956,0.49810913019989195,0.5971976946862483,0.49810913019989195,Compas,Sex,Fail,{7.13},0.5287559663699819,0.878951568350623,-0.07197474314287278,0.7109277576870648,0.004545899772701527,0.0048390885600188005,3,108.0,57.0
rw1,-,-,Random Forest,-0.19494315382228955,0.7257453729496307,0.23398101853220118,-0.17299639432381778,-0.18323937044867278,0.6482982171799028,0.6475495889745114,0.6482982171799028,Compas,Sex,Valid,{15.06},0.645034148883969,0.878951568350623,-0.07197474314287278,0.23000533241595125,-0.19453717963158443,-0.16510453370918488,2,109.0,29.0
di1,-,-,Random Forest,-0.2192437542201215,0.6867946368283978,0.25366417699054294,-0.1978446416070178,-0.20707070707070707,0.6439762290653701,0.6447218040071863,0.6439762290653701,Compas,Sex,Valid,{97.05},0.6429399031293946,0.878951568350623,-0.07197474314287278,0.23000533241595125,-0.19453717963158443,-0.16510453370918488,1,110.0,44.0
di1,mfc_fdr2,-,-,0.18755041334379619,1.7885642379227793,0.5962830879126376,0.1710311413201121,0.12011980267794223,0.3171258779038358,0.31587178018160633,0.3171258779038358,Compas,Sex,Fail,{452.5},0.32446135388761976,0.878951568350623,-0.07197474314287278,0.19601622048527229,-0.32015911225674065,-0.21533944092083634,2,111.0,59.0
di1,mfc_sr2,-,-,0.18755041334379619,1.7885642379227793,0.5962830879126376,0.1710311413201121,0.12011980267794223,0.3171258779038358,0.31587178018160633,0.3171258779038358,Compas,Sex,Fail,{2614.66},0.32446135388761976,0.878951568350623,-0.07197474314287278,0.19601622048527229,-0.32015911225674065,-0.21533944092083634,2,111.0,59.0
di1,mfc_fdr2,-,-,0.21717990275526744,1.8701298701298703,0.590646301284609,0.1889148342310791,0.12578162578162577,0.3171258779038358,0.3166413555355647,0.3171258779038358,Compas,Race,Fail,{2956.52},0.32397887910895945,0.8148148148148148,-0.11345218800648305,0.19601622048527229,-0.14230117106432255,-0.09096921596921592,0,113.0,59.0
di1,mfc_sr2,-,-,0.21717990275526744,1.8701298701298703,0.590646301284609,0.1889148342310791,0.12578162578162577,0.3171258779038358,0.3166413555355647,0.3171258779038358,Compas,Race,Fail,{2711.91},0.32397887910895945,0.8148148148148148,-0.11345218800648305,0.19601622048527229,-0.14230117106432255,-0.09096921596921592,0,113.0,59.0
rw1,-,eop2,Naive Bayes,-0.39384116693679094,0.35714285714285715,0.22996128092407442,-0.28090982641953516,-0.6022727272727273,0.4759589411129119,0.5435572522516539,0.4759589411129119,Compas,Race,Fail,{0.11},0.5086146986939138,0.8148148148148148,-0.11345218800648305,0.7109277576870648,-0.004803793735223237,0.002044252044252043,2,115.0,39.0
-,-,eop1,Naive Bayes,-0.39384116693679094,0.35714285714285715,0.22996128092407445,-0.28090982641953516,-0.6022727272727273,0.4759589411129119,0.5435572522516539,0.4759589411129119,Compas,Race,Fail,{0.24},0.5086146986939138,0.8148148148148148,-0.11345218800648305,0.7109277576870648,-0.004803793735223237,0.002044252044252043,2,116.0,40.0
di1,mfc_fdr2,eop3,-,0.25497198751756484,1.6597177299405523,0.5507569780565601,0.18130946483352653,0.3107000234907212,0.3171258779038358,0.31587178018160633,0.3171258779038358,Compas,Sex,Fail,{2139.71},0.32446135388761976,0.878951568350623,-0.07197474314287278,0.19601622048527229,-0.32015911225674065,-0.21533944092083634,1,117.0,55.0
di1,mfc_sr2,eop3,-,0.25497198751756484,1.6597177299405523,0.5507569780565601,0.18130946483352653,0.3107000234907212,0.3171258779038358,0.31587178018160633,0.3171258779038358,Compas,Sex,Fail,{441.1},0.32446135388761976,0.878951568350623,-0.07197474314287278,0.19601622048527229,-0.32015911225674065,-0.21533944092083634,1,117.0,56.0
di1,mfc_fdr2,eop3,-,0.3030794165316046,1.8060344827586208,0.5698174917095552,0.19398770574533258,0.35612073112073117,0.3171258779038358,0.3166413555355647,0.3171258779038358,Compas,Race,Fail,{648.22},0.32397887910895945,0.8148148148148148,-0.11345218800648305,0.19601622048527229,-0.14230117106432255,-0.09096921596921592,0,119.0,55.0
di1,mfc_sr2,eop3,-,0.3030794165316046,1.8060344827586208,0.5698174917095552,0.19398770574533258,0.35612073112073117,0.3171258779038358,0.3166413555355647,0.3171258779038358,Compas,Race,Fail,{2682.34},0.32397887910895945,0.8148148148148148,-0.11345218800648305,0.19601622048527229,-0.14230117106432255,-0.09096921596921592,0,119.0,56.0
di1,-,cpp2,Random Forest,-0.07529436066928319,0.8944854537559705,0.0,0.0,0.0,0.79,0.7897456575682381,0.79,German,Sex,Fail,{0.27},0.693860059217703,0.8944854537559705,-0.07529436066928319,0.08881664351162209,-0.11010031131096504,-0.05918367346938769,3,1.0,9.0
rw1,-,roc2,Random Forest,-0.07529436066928319,0.8944854537559705,0.0,0.0,0.0,0.7666666666666667,0.75862042624704,0.7666666666666667,German,Sex,Fail,{31.82},0.6680691912108463,0.8944854537559705,-0.07529436066928319,0.08881664351162209,-0.11010031131096504,-0.05918367346938769,3,2.0,2.0
di1,-,cpp2,Logistic Regression,-0.07529436066928319,0.8944854537559705,0.0,0.0,0.0,0.7566666666666667,0.7509325396825397,0.7566666666666667,German,Sex,Fail,{1.98},0.70227520648278,0.8944854537559705,-0.07529436066928319,0.14604644403291092,-0.2354068746142525,-0.15476190476190477,3,3.0,11.0
di1,-,roc2,Logistic Regression,-0.07529436066928319,0.8944854537559705,0.0,0.0,0.0,0.7566666666666667,0.7509325396825397,0.7566666666666667,German,Sex,Fail,{46.0},0.70227520648278,0.8944854537559705,-0.07529436066928319,0.14604644403291092,-0.2354068746142525,-0.15476190476190477,3,3.0,11.0
-,-,cpp1,Naive Bayes,-0.07529436066928319,0.8944854537559705,0.0,0.0,0.0,0.73,0.7546088657105607,0.73,German,Sex,Fail,{0.01},0.7214430419199003,0.8944854537559705,-0.07529436066928319,0.22816134830365514,-0.11771200005425897,-0.0853741496598639,3,5.0,13.0
-,-,roc1,Naive Bayes,-0.07529436066928319,0.8944854537559705,0.0,0.0,0.0,0.73,0.7546088657105607,0.73,German,Sex,Fail,{3.73},0.7214430419199003,0.8944854537559705,-0.07529436066928319,0.22816134830365514,-0.11771200005425897,-0.0853741496598639,3,5.0,13.0
di1,-,roc2,Random Forest,-0.07529436066928319,0.8944854537559705,0.0,0.0,0.0,0.7633333333333333,0.7531879391100702,0.7633333333333333,German,Sex,Fail,{33.15},0.6686146174224716,0.8944854537559705,-0.07529436066928319,0.08881664351162209,-0.11010031131096504,-0.05918367346938769,3,5.0,10.0
rw1,-,cpp2,Naive Bayes,-0.07529436066928319,0.8944854537559705,0.0,0.0,0.0,0.73,0.7546088657105607,0.73,German,Sex,Fail,{0.01},0.7214430419199003,0.8944854537559705,-0.07529436066928319,0.22816134830365514,-0.11771200005425897,-0.0853741496598639,3,5.0,16.0
rw1,-,roc2,Naive Bayes,-0.07529436066928319,0.8944854537559705,0.0,0.0,0.0,0.73,0.7546088657105607,0.73,German,Sex,Fail,{54.25},0.7214430419199003,0.8944854537559705,-0.07529436066928319,0.22816134830365514,-0.11771200005425897,-0.0853741496598639,3,5.0,13.0
-,-,cpp1,Logistic Regression,-0.07529436066928319,0.8944854537559705,0.0,0.0,0.0,0.75,0.7400140977443609,0.75,German,Sex,Fail,{0.88},0.6826398628642668,0.8944854537559705,-0.07529436066928319,0.14604644403291092,-0.2354068746142525,-0.15476190476190477,3,10.0,5.0
-,-,roc1,Logistic Regression,-0.07529436066928319,0.8944854537559705,0.0,0.0,0.0,0.75,0.7400140977443609,0.75,German,Sex,Fail,{4.58},0.6826398628642668,0.8944854537559705,-0.07529436066928319,0.14604644403291092,-0.2354068746142525,-0.15476190476190477,3,10.0,8.0
rw1,-,cpp2,Logistic Regression,-0.07529436066928319,0.8944854537559705,0.0,0.0,0.0,0.75,0.7400140977443609,0.75,German,Sex,Fail,{1.75},0.6826398628642668,0.8944854537559705,-0.07529436066928319,0.14604644403291092,-0.2354068746142525,-0.15476190476190477,3,10.0,6.0
rw1,-,roc2,Logistic Regression,-0.07529436066928319,0.8944854537559705,0.0,0.0,0.0,0.75,0.7400140977443609,0.75,German,Sex,Fail,{48.2},0.6826398628642668,0.8944854537559705,-0.07529436066928319,0.14604644403291092,-0.2354068746142525,-0.15476190476190477,3,10.0,6.0
-,-,cpp1,Random Forest,-0.07529436066928319,0.8944854537559705,0.0,0.0,0.0,0.7566666666666667,0.744824355971897,0.7566666666666667,German,Sex,Fail,{2.92},0.6608228143992521,0.8944854537559705,-0.07529436066928319,0.08881664351162209,-0.11010031131096504,-0.05918367346938769,3,14.0,4.0
-,-,roc1,Random Forest,-0.07529436066928319,0.8944854537559705,0.0,0.0,0.0,0.7566666666666667,0.7480357142857144,0.7566666666666667,German,Sex,Fail,{53.62},0.6489792738039583,0.8944854537559705,-0.07529436066928319,0.08881664351162209,-0.11010031131096504,-0.05918367346938769,3,15.0,1.0
-,-,roc1,Random Forest,-0.2141635793673411,0.7071887784921099,0.0,0.0,0.0,0.7833333333333333,0.7872218418349881,0.7833333333333333,German,Age,Fail,{66.98},0.6771856007480132,0.7071887784921099,-0.2141635793673411,0.08927799554899724,-0.034755075433041516,-0.01016949152542368,3,16.0,1.0
rw1,-,cpp2,Random Forest,-0.2141635793673411,0.7071887784921099,0.0,0.0,0.0,0.78,0.7774202693125443,0.78,German,Age,Fail,{0.16},0.6806919121084619,0.7071887784921099,-0.2141635793673411,0.08927799554899724,-0.034755075433041516,-0.01016949152542368,3,17.0,3.0
rw1,-,cpp2,Random Forest,-0.07529436066928319,0.8944854537559705,0.0,0.0,0.0,0.7533333333333333,0.7440232108317214,0.7533333333333333,German,Sex,Fail,{0.58},0.6436029297179368,0.8944854537559705,-0.07529436066928319,0.08881664351162209,-0.11010031131096504,-0.05918367346938769,3,18.0,3.0
di1,-,roc2,Random Forest,-0.2141635793673411,0.7071887784921099,0.0,0.0,0.0,0.7766666666666666,0.7709710930442638,0.7766666666666666,German,Age,Fail,{53.7},0.6812373383200874,0.7071887784921099,-0.2141635793673411,0.08927799554899724,-0.034755075433041516,-0.01016949152542368,3,19.0,10.0
di1,-,cpp2,Naive Bayes,-0.07529436066928319,0.8944854537559705,0.0,0.0,0.0,0.7266666666666667,0.7525873996007242,0.7266666666666667,German,Sex,Fail,{0.52},0.7190275829827022,0.8944854537559705,-0.07529436066928319,0.22816134830365514,-0.11771200005425897,-0.0853741496598639,3,20.0,17.0
di1,-,roc2,Naive Bayes,-0.07529436066928319,0.8944854537559705,0.0,0.0,0.0,0.7266666666666667,0.7525873996007242,0.7266666666666667,German,Sex,Fail,{3.83},0.7190275829827022,0.8944854537559705,-0.07529436066928319,0.22816134830365514,-0.11771200005425897,-0.0853741496598639,3,20.0,18.0
di1,-,cpp2,Random Forest,-0.2141635793673411,0.7071887784921099,0.0,0.0,0.0,0.7666666666666667,0.7610618749491829,0.7666666666666667,German,Age,Fail,{3.43},0.6621474209131993,0.7071887784921099,-0.2141635793673411,0.08927799554899724,-0.034755075433041516,-0.01016949152542368,3,22.0,9.0
di1,-,cpp2,Logistic Regression,-0.2141635793673411,0.7071887784921099,0.0,0.0,0.0,0.76,0.7511292295148797,0.76,German,Age,Fail,{2.19},0.6958080099735079,0.7071887784921099,-0.2141635793673411,0.14604644403291092,-0.19185447321040547,-0.1870056497175142,3,23.0,11.0
di1,-,roc2,Logistic Regression,-0.2141635793673411,0.7071887784921099,0.0,0.0,0.0,0.76,0.7511292295148797,0.76,German,Age,Fail,{40.83},0.6958080099735079,0.7071887784921099,-0.2141635793673411,0.14604644403291092,-0.19185447321040547,-0.1870056497175142,3,23.0,11.0
di1,-,cpp2,Naive Bayes,-0.2141635793673411,0.7071887784921099,0.0,0.0,0.0,0.73,0.757,0.73,German,Age,Fail,{0.1},0.7244039270687237,0.7071887784921099,-0.2141635793673411,0.22816134830365514,-0.1462687030483641,-0.168361581920904,3,25.0,17.0
di1,-,roc2,Naive Bayes,-0.2141635793673411,0.7071887784921099,0.0,0.0,0.0,0.73,0.757,0.73,German,Age,Fail,{99.39},0.7244039270687237,0.7071887784921099,-0.2141635793673411,0.22816134830365514,-0.1462687030483641,-0.168361581920904,3,25.0,18.0
-,-,cpp1,Random Forest,-0.2141635793673411,0.7071887784921099,0.0,0.0,0.0,0.7633333333333333,0.75588,0.7633333333333333,German,Age,Fail,{2.56},0.6597319619760014,0.7071887784921099,-0.2141635793673411,0.08927799554899724,-0.034755075433041516,-0.01016949152542368,3,27.0,4.0
-,-,cpp1,Naive Bayes,-0.2141635793673411,0.7071887784921099,0.0,0.0,0.0,0.73,0.7546088657105607,0.73,German,Age,Fail,{0.01},0.7214430419199003,0.7071887784921099,-0.2141635793673411,0.22816134830365514,-0.1462687030483641,-0.168361581920904,3,28.0,13.0
-,-,roc1,Naive Bayes,-0.2141635793673411,0.7071887784921099,0.0,0.0,0.0,0.73,0.7546088657105607,0.73,German,Age,Fail,{60.95},0.7214430419199003,0.7071887784921099,-0.2141635793673411,0.22816134830365514,-0.1462687030483641,-0.168361581920904,3,28.0,13.0
rw1,-,cpp2,Naive Bayes,-0.2141635793673411,0.7071887784921099,0.0,0.0,0.0,0.73,0.7546088657105607,0.73,German,Age,Fail,{0.52},0.7214430419199003,0.7071887784921099,-0.2141635793673411,0.22816134830365514,-0.1462687030483641,-0.168361581920904,3,28.0,16.0
rw1,-,roc2,Naive Bayes,-0.2141635793673411,0.7071887784921099,0.0,0.0,0.0,0.73,0.7546088657105607,0.73,German,Age,Fail,{53.27},0.7214430419199003,0.7071887784921099,-0.2141635793673411,0.22816134830365514,-0.1462687030483641,-0.168361581920904,3,28.0,13.0
-,-,cpp1,Logistic Regression,-0.2141635793673411,0.7071887784921099,0.0,0.0,0.0,0.75,0.7400140977443609,0.75,German,Age,Fail,{0.9},0.6826398628642668,0.7071887784921099,-0.2141635793673411,0.14604644403291092,-0.19185447321040547,-0.1870056497175142,3,32.0,5.0
-,-,roc1,Logistic Regression,-0.2141635793673411,0.7071887784921099,0.0,0.0,0.0,0.75,0.7400140977443609,0.75,German,Age,Fail,{41.08},0.6826398628642668,0.7071887784921099,-0.2141635793673411,0.14604644403291092,-0.19185447321040547,-0.1870056497175142,3,32.0,8.0
rw1,-,cpp2,Logistic Regression,-0.2141635793673411,0.7071887784921099,0.0,0.0,0.0,0.75,0.7400140977443609,0.75,German,Age,Fail,{0.09},0.6826398628642668,0.7071887784921099,-0.2141635793673411,0.14604644403291092,-0.19185447321040547,-0.1870056497175142,3,32.0,6.0
rw1,-,roc2,Logistic Regression,-0.2141635793673411,0.7071887784921099,0.0,0.0,0.0,0.75,0.7400140977443609,0.75,German,Age,Fail,{4.0},0.6826398628642668,0.7071887784921099,-0.2141635793673411,0.14604644403291092,-0.19185447321040547,-0.1870056497175142,3,32.0,6.0
rw1,-,roc2,Random Forest,-0.2141635793673411,0.7071887784921099,0.0,0.0,0.0,0.76,0.7499778473760599,0.76,German,Age,Fail,{17.55},0.6602773881876267,0.7071887784921099,-0.2141635793673411,0.08927799554899724,-0.034755075433041516,-0.01016949152542368,3,36.0,2.0
rw1,-,-,Random Forest,-0.07950983186092908,0.9070464767616191,0.08525975102401205,-0.010396101074067188,0.023163841807909646,0.7766666666666666,0.775625,0.7766666666666666,German,Age,Fail,{0.43},0.672354682873617,0.7071887784921099,-0.2141635793673411,0.08927799554899724,-0.034755075433041516,-0.01016949152542368,3,37.0,29.0
-,-,eop1,Naive Bayes,0.002168973352613124,1.003146538807312,0.023104906018664842,0.09053621448579434,0.03401360544217691,0.73,0.7546088657105607,0.73,German,Sex,Fail,{0.01},0.7214430419199003,0.8944854537559705,-0.07529436066928319,0.22816134830365514,-0.11771200005425897,-0.0853741496598639,4,38.0,40.0
rw1,-,eop2,Naive Bayes,0.002168973352613124,1.003146538807312,0.023104906018664842,0.09053621448579434,0.03401360544217691,0.73,0.7546088657105607,0.73,German,Sex,Fail,{0.01},0.7214430419199003,0.8944854537559705,-0.07529436066928319,0.22816134830365514,-0.11771200005425897,-0.0853741496598639,4,38.0,39.0
rw1,-,-,Random Forest,-0.09812022309440194,0.8864451350705236,0.07621910264546321,-0.08611715872789794,-0.03265306122448974,0.7966666666666666,0.8006800000000001,0.7966666666666666,German,Sex,Fail,{3.27},0.6986909770920992,0.8944854537559705,-0.07529436066928319,0.08881664351162209,-0.11010031131096504,-0.05918367346938769,4,40.0,29.0
rw1,-,eop2,Random Forest,0.08913447634786198,1.1257650830661614,0.0206137416676877,0.22398959583833533,0.006802721088435382,0.77,0.7664285714285715,0.77,German,Sex,Fail,{2.68},0.6645628798503974,0.8944854537559705,-0.07529436066928319,0.08881664351162209,-0.11010031131096504,-0.05918367346938769,2,41.0,19.0
-,-,eop1,Random Forest,0.05536046271431516,1.0803116571771052,0.028922972183867916,0.16406562625050022,0.03401360544217691,0.7633333333333333,0.75588,0.7633333333333333,German,Sex,Fail,{0.18},0.6597319619760014,0.8944854537559705,-0.07529436066928319,0.08881664351162209,-0.11010031131096504,-0.05918367346938769,3,42.0,24.0
di1,-,-,Random Forest,-0.09190652607580507,0.8940886699507389,0.08262905506837526,-0.02860557521574475,0.017514124293785294,0.7733333333333333,0.7741699346405229,0.7733333333333333,German,Age,Fail,{0.27},0.6640174536387721,0.7071887784921099,-0.2141635793673411,0.08927799554899724,-0.034755075433041516,-0.01016949152542368,3,43.0,44.0
-,mfc_fdr1,cpp2,-,-0.07529436066928319,0.8944854537559705,0.0,0.0,0.0,0.6066666666666667,0.5507894736842106,0.6066666666666667,German,Sex,Fail,{18.29},0.30769830138694093,0.8944854537559705,-0.07529436066928319,0.14604644403291092,-0.2354068746142525,-0.15476190476190477,3,44.0,32.0
-,mfc_fdr1,roc2,-,-0.07529436066928319,0.8944854537559705,0.0,0.0,0.0,0.6066666666666667,0.5507894736842106,0.6066666666666667,German,Sex,Fail,{55.19},0.30769830138694093,0.8944854537559705,-0.07529436066928319,0.14604644403291092,-0.2354068746142525,-0.15476190476190477,3,44.0,22.0
-,mfc_sr1,cpp2,-,-0.07529436066928319,0.8944854537559705,0.0,0.0,0.0,0.6066666666666667,0.5507894736842106,0.6066666666666667,German,Sex,Fail,{2.74},0.30769830138694093,0.8944854537559705,-0.07529436066928319,0.14604644403291092,-0.2354068746142525,-0.15476190476190477,3,44.0,34.0
-,mfc_sr1,roc2,-,-0.07529436066928319,0.8944854537559705,0.0,0.0,0.0,0.6066666666666667,0.5507894736842106,0.6066666666666667,German,Sex,Fail,{114.96},0.30769830138694093,0.8944854537559705,-0.07529436066928319,0.14604644403291092,-0.2354068746142525,-0.15476190476190477,3,44.0,20.0
rw1,mfc_fdr2,cpp3,-,-0.07529436066928319,0.8944854537559705,0.0,0.0,0.0,0.6066666666666667,0.5507894736842106,0.6066666666666667,German,Sex,Fail,{12.97},0.30769830138694093,0.8944854537559705,-0.07529436066928319,0.14604644403291092,-0.2354068746142525,-0.15476190476190477,3,44.0,33.0
rw1,mfc_fdr2,roc3,-,-0.07529436066928319,0.8944854537559705,0.0,0.0,0.0,0.6066666666666667,0.5507894736842106,0.6066666666666667,German,Sex,Fail,{57.63},0.30769830138694093,0.8944854537559705,-0.07529436066928319,0.14604644403291092,-0.2354068746142525,-0.15476190476190477,3,44.0,20.0
rw1,mfc_sr2,cpp3,-,-0.07529436066928319,0.8944854537559705,0.0,0.0,0.0,0.6066666666666667,0.5507894736842106,0.6066666666666667,German,Sex,Fail,{23.43},0.30769830138694093,0.8944854537559705,-0.07529436066928319,0.14604644403291092,-0.2354068746142525,-0.15476190476190477,3,44.0,35.0
rw1,mfc_sr2,roc3,-,-0.07529436066928319,0.8944854537559705,0.0,0.0,0.0,0.6066666666666667,0.5507894736842106,0.6066666666666667,German,Sex,Fail,{67.37},0.30769830138694093,0.8944854537559705,-0.07529436066928319,0.14604644403291092,-0.2354068746142525,-0.15476190476190477,3,44.0,22.0
-,-,-,Random Forest,-0.10088344257623261,0.8826259946949602,0.08927799554899724,-0.034755075433041516,-0.01016949152542368,0.77,0.7664285714285715,0.77,German,Age,Fail,{0.8},0.6645628798503974,0.7071887784921099,-0.2141635793673411,0.08927799554899724,-0.034755075433041516,-0.01016949152542368,1,52.0,30.0
di1,-,eop2,Logistic Regression,0.05164222268126417,1.0793902826294062,0.05199814607162289,0.132452981192477,0.08843537414965985,0.7566666666666667,0.7509325396825397,0.7566666666666667,German,Sex,Fail,{1.66},0.70227520648278,0.8944854537559705,-0.07529436066928319,0.14604644403291092,-0.2354068746142525,-0.15476190476190477,4,53.0,41.0
di1,-,eop2,Logistic Regression,-0.05428897121687093,0.9152391546162402,0.08153915352120647,0.13357546408393864,0.12429378531073443,0.76,0.7511292295148797,0.76,German,Age,Fail,{0.93},0.6958080099735079,0.7071887784921099,-0.2141635793673411,0.14604644403291092,-0.19185447321040547,-0.1870056497175142,4,54.0,41.0
di1,-,eop2,Naive Bayes,-0.002685395579425709,0.9961315280464217,0.01970035544087831,0.08713485394157665,0.027210884353741527,0.7266666666666667,0.7525873996007242,0.7266666666666667,German,Sex,Fail,{0.48},0.7190275829827022,0.8944854537559705,-0.07529436066928319,0.22816134830365514,-0.11771200005425897,-0.0853741496598639,4,55.0,36.0
rw1,-,eop2,Random Forest,-0.21829581077229976,0.7032158078264239,0.001277839014035911,-0.007692307692307693,0.0,0.7666666666666667,0.7597212378927475,0.7666666666666667,German,Age,Fail,{0.31},0.6651083060620228,0.7071887784921099,-0.2141635793673411,0.08927799554899724,-0.034755075433041516,-0.01016949152542368,4,56.0,19.0
di1,mfc_fdr2,cpp3,-,-0.07529436066928319,0.8944854537559705,0.0,0.0,0.0,0.6,0.5544642857142857,0.6,German,Sex,Fail,{34.26},0.3017765310892941,0.8944854537559705,-0.07529436066928319,0.14604644403291092,-0.2354068746142525,-0.15476190476190477,3,57.0,37.0
di1,mfc_fdr2,roc3,-,-0.07529436066928319,0.8944854537559705,0.0,0.0,0.0,0.6,0.5544642857142857,0.6,German,Sex,Fail,{60.27},0.3017765310892941,0.8944854537559705,-0.07529436066928319,0.14604644403291092,-0.2354068746142525,-0.15476190476190477,3,57.0,27.0
di1,mfc_sr2,cpp3,-,-0.07529436066928319,0.8944854537559705,0.0,0.0,0.0,0.6,0.5544642857142857,0.6,German,Sex,Fail,{13.21},0.3017765310892941,0.8944854537559705,-0.07529436066928319,0.14604644403291092,-0.2354068746142525,-0.15476190476190477,3,57.0,38.0
di1,mfc_sr2,roc3,-,-0.07529436066928319,0.8944854537559705,0.0,0.0,0.0,0.6,0.5544642857142857,0.6,German,Sex,Fail,{81.73},0.3017765310892941,0.8944854537559705,-0.07529436066928319,0.14604644403291092,-0.2354068746142525,-0.15476190476190477,3,57.0,27.0
-,-,-,Random Forest,-0.11846725883081999,0.864420803782506,0.08881664351162209,-0.11010031131096504,-0.05918367346938769,0.7733333333333333,0.7701374095454914,0.7733333333333333,German,Sex,Fail,{2.16},0.6699392239364189,0.8944854537559705,-0.07529436066928319,0.08881664351162209,-0.11010031131096504,-0.05918367346938769,1,61.0,30.0
-,-,eop1,Naive Bayes,-0.051581647192932456,0.9145016532829475,0.11189460847111199,0.12328490718321229,0.17514124293785316,0.73,0.7546088657105607,0.73,German,Age,Fail,{0.01},0.7214430419199003,0.7071887784921099,-0.2141635793673411,0.22816134830365514,-0.1462687030483641,-0.168361581920904,3,62.0,40.0
rw1,-,eop2,Naive Bayes,-0.051581647192932456,0.9145016532829475,0.11189460847111199,0.12328490718321229,0.17514124293785316,0.73,0.7546088657105607,0.73,German,Age,Fail,{0.01},0.7214430419199003,0.7071887784921099,-0.2141635793673411,0.22816134830365514,-0.1462687030483641,-0.168361581920904,3,62.0,39.0
di1,-,eop2,Naive Bayes,-0.05713878597891131,0.9005209625403127,0.13543797089510434,0.10734463276836159,0.21468926553672318,0.73,0.757,0.73,German,Age,Fail,{0.72},0.7244039270687237,0.7071887784921099,-0.2141635793673411,0.22816134830365514,-0.1462687030483641,-0.168361581920904,3,64.0,36.0
di1,-,-,Random Forest,-0.1522412724643668,0.821808510638298,0.09656154896843176,-0.14205953567867824,-0.08571428571428563,0.7833333333333333,0.7772656027358222,0.7833333333333333,German,Sex,Fail,{5.97},0.6949509116409538,0.8944854537559705,-0.07529436066928319,0.08881664351162209,-0.11010031131096504,-0.05918367346938769,1,65.0,44.0
rw1,-,eop2,Logistic Regression,-0.037760045597036274,0.9394839004338889,0.09610804242052638,0.14487489911218723,0.14689265536723162,0.75,0.7400140977443609,0.75,German,Age,Fail,{0.79},0.6826398628642668,0.7071887784921099,-0.2141635793673411,0.14604644403291092,-0.19185447321040547,-0.1870056497175142,4,66.0,25.0
-,-,eop1,Logistic Regression,-0.037760045597036274,0.9394839004338889,0.0961080424205264,0.14487489911218723,0.14689265536723162,0.75,0.7400140977443609,0.75,German,Age,Fail,{1.02},0.6826398628642668,0.7071887784921099,-0.2141635793673411,0.14604644403291092,-0.19185447321040547,-0.1870056497175142,4,67.0,26.0
-,-,eop1,Logistic Regression,0.10669283205949176,1.1592661116250385,0.04603709790313255,0.22178871548619444,0.061224489795918324,0.75,0.7400140977443609,0.75,German,Sex,Fail,{1.34},0.6826398628642668,0.8944854537559705,-0.07529436066928319,0.14604644403291092,-0.2354068746142525,-0.15476190476190477,3,68.0,26.0
rw1,-,eop2,Logistic Regression,0.10669283205949176,1.1592661116250385,0.04603709790313255,0.22178871548619444,0.061224489795918324,0.75,0.7400140977443609,0.75,German,Sex,Fail,{0.67},0.6826398628642668,0.8944854537559705,-0.07529436066928319,0.14604644403291092,-0.2354068746142525,-0.15476190476190477,3,68.0,25.0
di1,-,eop2,Random Forest,-0.20589911655742377,0.7152709359605911,0.029948960652808304,-0.01868752716210345,0.039548022598870025,0.7633333333333333,0.7547704714640198,0.7633333333333333,German,Age,Fail,{0.82},0.6626928471248247,0.7071887784921099,-0.2141635793673411,0.08927799554899724,-0.034755075433041516,-0.01016949152542368,3,70.0,31.0
-,mfc_fdr1,cpp2,-,-0.2141635793673411,0.7071887784921099,0.0,0.0,0.0,0.61,0.558716814159292,0.61,German,Age,Fail,{27.09},0.28915381019167835,0.7071887784921099,-0.2141635793673411,0.14604644403291092,-0.19185447321040547,-0.1870056497175142,3,71.0,32.0
-,mfc_fdr1,roc2,-,-0.2141635793673411,0.7071887784921099,0.0,0.0,0.0,0.61,0.558716814159292,0.61,German,Age,Fail,{82.12},0.28915381019167835,0.7071887784921099,-0.2141635793673411,0.14604644403291092,-0.19185447321040547,-0.1870056497175142,3,71.0,22.0
-,mfc_sr1,cpp2,-,-0.2141635793673411,0.7071887784921099,0.0,0.0,0.0,0.61,0.558716814159292,0.61,German,Age,Fail,{17.63},0.28915381019167835,0.7071887784921099,-0.2141635793673411,0.14604644403291092,-0.19185447321040547,-0.1870056497175142,3,71.0,34.0
-,mfc_sr1,roc2,-,-0.2141635793673411,0.7071887784921099,0.0,0.0,0.0,0.61,0.558716814159292,0.61,German,Age,Fail,{45.9},0.28915381019167835,0.7071887784921099,-0.2141635793673411,0.14604644403291092,-0.19185447321040547,-0.1870056497175142,3,71.0,20.0
di1,mfc_fdr2,cpp3,-,-0.2141635793673411,0.7071887784921099,0.0,0.0,0.0,0.6133333333333333,0.554410480349345,0.6133333333333333,German,Age,Fail,{21.85},0.29749103942652333,0.7071887784921099,-0.2141635793673411,0.14604644403291092,-0.19185447321040547,-0.1870056497175142,3,71.0,37.0
di1,mfc_fdr2,roc3,-,-0.2141635793673411,0.7071887784921099,0.0,0.0,0.0,0.6133333333333333,0.554410480349345,0.6133333333333333,German,Age,Fail,{47.6},0.29749103942652333,0.7071887784921099,-0.2141635793673411,0.14604644403291092,-0.19185447321040547,-0.1870056497175142,3,71.0,27.0
di1,mfc_sr2,cpp3,-,-0.2141635793673411,0.7071887784921099,0.0,0.0,0.0,0.6133333333333333,0.554410480349345,0.6133333333333333,German,Age,Fail,{11.09},0.29749103942652333,0.7071887784921099,-0.2141635793673411,0.14604644403291092,-0.19185447321040547,-0.1870056497175142,3,71.0,38.0
di1,mfc_sr2,roc3,-,-0.2141635793673411,0.7071887784921099,0.0,0.0,0.0,0.6133333333333333,0.554410480349345,0.6133333333333333,German,Age,Fail,{83.68},0.29749103942652333,0.7071887784921099,-0.2141635793673411,0.14604644403291092,-0.19185447321040547,-0.1870056497175142,3,71.0,27.0
rw1,mfc_fdr2,cpp3,-,-0.2141635793673411,0.7071887784921099,0.0,0.0,0.0,0.61,0.558716814159292,0.61,German,Age,Fail,{14.77},0.28915381019167835,0.7071887784921099,-0.2141635793673411,0.14604644403291092,-0.19185447321040547,-0.1870056497175142,3,71.0,33.0
rw1,mfc_fdr2,roc3,-,-0.2141635793673411,0.7071887784921099,0.0,0.0,0.0,0.61,0.558716814159292,0.61,German,Age,Fail,{37.94},0.28915381019167835,0.7071887784921099,-0.2141635793673411,0.14604644403291092,-0.19185447321040547,-0.1870056497175142,3,71.0,20.0
rw1,mfc_sr2,cpp3,-,-0.2141635793673411,0.7071887784921099,0.0,0.0,0.0,0.61,0.558716814159292,0.61,German,Age,Fail,{15.53},0.28915381019167835,0.7071887784921099,-0.2141635793673411,0.14604644403291092,-0.19185447321040547,-0.1870056497175142,3,71.0,35.0
rw1,mfc_sr2,roc3,-,-0.2141635793673411,0.7071887784921099,0.0,0.0,0.0,0.61,0.558716814159292,0.61,German,Age,Fail,{74.5},0.28915381019167835,0.7071887784921099,-0.2141635793673411,0.14604644403291092,-0.19185447321040547,-0.1870056497175142,3,71.0,22.0
di1,-,eop2,Random Forest,0.07364180954348276,1.1031987262990302,0.02502869186233703,0.21862745098039216,-0.033333333333333326,0.7466666666666667,0.7347001934235976,0.7466666666666667,German,Sex,Fail,{2.1},0.6358111266947172,0.8944854537559705,-0.07529436066928319,0.08881664351162209,-0.11010031131096504,-0.05918367346938769,3,83.0,31.0
-,-,eop1,Random Forest,-0.22242804217725842,0.6992872278944328,0.025488108035766045,-0.039721860060843134,0.02824858757062143,0.7633333333333333,0.7657115384615385,0.7633333333333333,German,Age,Fail,{0.94},0.644927536231884,0.7071887784921099,-0.2141635793673411,0.08927799554899724,-0.034755075433041516,-0.01016949152542368,2,84.0,24.0
-,-,-,Naive Bayes,-0.13984713902086354,0.785011114639568,0.22816134830365514,-0.11771200005425897,-0.0853741496598639,0.73,0.7546088657105607,0.73,German,Sex,Fail,{0.0},0.7214430419199003,0.8944854537559705,-0.07529436066928319,0.22816134830365514,-0.11771200005425897,-0.0853741496598639,1,85.0,49.0
rw1,-,-,Naive Bayes,-0.13984713902086354,0.785011114639568,0.22816134830365514,-0.11771200005425897,-0.0853741496598639,0.73,0.7546088657105607,0.73,German,Sex,Fail,{0.0},0.7214430419199003,0.8944854537559705,-0.07529436066928319,0.22816134830365514,-0.11771200005425897,-0.0853741496598639,1,85.0,49.0
di1,-,-,Logistic Regression,-0.18095434827514978,0.7670212765957447,0.15438316800413687,-0.15964945300153957,-0.13435374149659862,0.7566666666666667,0.7509325396825397,0.7566666666666667,German,Sex,Fail,{2.67},0.70227520648278,0.8944854537559705,-0.07529436066928319,0.14604644403291092,-0.2354068746142525,-0.15476190476190477,3,87.0,58.0
-,mfc_sr1,eop2,-,0.04585829374096262,1.3148936170212766,1.2072888297497704,0.009169260924708855,0.009863945578231292,0.6066666666666667,0.5507894736842106,0.6066666666666667,German,Sex,Fail,{38.81},0.30769830138694093,0.8944854537559705,-0.07529436066928319,0.14604644403291092,-0.2354068746142525,-0.15476190476190477,3,88.0,46.0
rw1,mfc_fdr2,eop3,-,0.04585829374096262,1.3148936170212766,1.2072888297497704,0.009169260924708855,0.009863945578231292,0.6066666666666667,0.5507894736842106,0.6066666666666667,German,Sex,Fail,{35.53},0.30769830138694093,0.8944854537559705,-0.07529436066928319,0.14604644403291092,-0.2354068746142525,-0.15476190476190477,3,88.0,45.0
rw1,mfc_sr2,eop3,-,0.04585829374096262,1.3148936170212766,1.2072888297497704,0.009169260924708855,0.009863945578231292,0.6066666666666667,0.5507894736842106,0.6066666666666667,German,Sex,Fail,{3.86},0.30769830138694093,0.8944854537559705,-0.07529436066928319,0.14604644403291092,-0.2354068746142525,-0.15476190476190477,3,88.0,47.0
di1,-,-,Naive Bayes,-0.20946138500997435,0.6729699666295884,0.23141671518639523,-0.11020208604954368,-0.16271186440677965,0.73,0.757,0.73,German,Age,Fail,{0.35},0.7244039270687237,0.7071887784921099,-0.2141635793673411,0.22816134830365514,-0.1462687030483641,-0.168361581920904,4,91.0,57.0
-,mfc_fdr1,eop2,-,0.04585829374096262,1.3148936170212766,1.2072888297497706,0.009169260924708855,0.009863945578231292,0.6066666666666667,0.5507894736842106,0.6066666666666667,German,Sex,Fail,{20.33},0.30769830138694093,0.8944854537559705,-0.07529436066928319,0.14604644403291092,-0.2354068746142525,-0.15476190476190477,3,92.0,48.0
di1,-,-,Naive Bayes,-0.1349927700888247,0.7909134538473843,0.23231948546286418,-0.11431063951004128,-0.07857142857142851,0.7266666666666667,0.7525873996007242,0.7266666666666667,German,Sex,Fail,{0.85},0.7190275829827022,0.8944854537559705,-0.07529436066928319,0.22816134830365514,-0.11771200005425897,-0.0853741496598639,3,93.0,57.0
-,mfc_fdr1,eop2,-,0.12225705329153608,1.8965517241379313,1.2072888297497704,0.017687961755758354,0.02768361581920904,0.61,0.558716814159292,0.61,German,Age,Fail,{2.9},0.28915381019167835,0.7071887784921099,-0.2141635793673411,0.14604644403291092,-0.19185447321040547,-0.1870056497175142,3,94.0,48.0
-,mfc_sr1,eop2,-,0.12225705329153608,1.8965517241379313,1.2072888297497704,0.017687961755758354,0.02768361581920904,0.61,0.558716814159292,0.61,German,Age,Fail,{15.51},0.28915381019167835,0.7071887784921099,-0.2141635793673411,0.14604644403291092,-0.19185447321040547,-0.1870056497175142,3,94.0,46.0
di1,mfc_fdr2,eop3,-,0.12225705329153608,1.8965517241379313,1.2072888297497704,0.017687961755758354,0.02768361581920904,0.6133333333333333,0.554410480349345,0.6133333333333333,German,Age,Fail,{24.24},0.29749103942652333,0.7071887784921099,-0.2141635793673411,0.14604644403291092,-0.19185447321040547,-0.1870056497175142,3,94.0,55.0
di1,mfc_sr2,eop3,-,0.12225705329153608,1.8965517241379313,1.2072888297497704,0.017687961755758354,0.02768361581920904,0.6133333333333333,0.554410480349345,0.6133333333333333,German,Age,Fail,{2.83},0.29749103942652333,0.7071887784921099,-0.2141635793673411,0.14604644403291092,-0.19185447321040547,-0.1870056497175142,3,94.0,56.0
rw1,mfc_fdr2,eop3,-,0.12225705329153608,1.8965517241379313,1.2072888297497704,0.017687961755758354,0.02768361581920904,0.61,0.558716814159292,0.61,German,Age,Fail,{18.16},0.28915381019167835,0.7071887784921099,-0.2141635793673411,0.14604644403291092,-0.19185447321040547,-0.1870056497175142,3,94.0,45.0
rw1,mfc_sr2,eop3,-,0.12225705329153608,1.8965517241379313,1.2072888297497704,0.017687961755758354,0.02768361581920904,0.61,0.558716814159292,0.61,German,Age,Fail,{21.07},0.28915381019167835,0.7071887784921099,-0.2141635793673411,0.14604644403291092,-0.19185447321040547,-0.1870056497175142,3,94.0,47.0
di1,mfc_fdr2,eop3,-,0.04585829374096262,1.3148936170212766,1.2072888297497704,0.009169260924708855,0.009863945578231292,0.6,0.5544642857142857,0.6,German,Sex,Fail,{14.54},0.3017765310892941,0.8944854537559705,-0.07529436066928319,0.14604644403291092,-0.2354068746142525,-0.15476190476190477,3,100.0,55.0
di1,mfc_sr2,eop3,-,0.04585829374096262,1.3148936170212766,1.2072888297497704,0.009169260924708855,0.009863945578231292,0.6,0.5544642857142857,0.6,German,Sex,Fail,{22.26},0.3017765310892941,0.8944854537559705,-0.07529436066928319,0.14604644403291092,-0.2354068746142525,-0.15476190476190477,3,100.0,56.0
di1,-,-,Logistic Regression,-0.237532060416073,0.6990431485827766,0.14106858983281811,-0.15980319115912342,-0.15367231638418088,0.76,0.7511292295148797,0.76,German,Age,Fail,{2.61},0.6958080099735079,0.7071887784921099,-0.2141635793673411,0.14604644403291092,-0.19185447321040547,-0.1870056497175142,4,102.0,58.0
-,-,-,Logistic Regression,-0.23528196653583966,0.7132065970036511,0.14604644403291092,-0.2354068746142525,-0.15476190476190477,0.75,0.7400140977443609,0.75,German,Sex,Fail,{0.74},0.6826398628642668,0.8944854537559705,-0.07529436066928319,0.14604644403291092,-0.2354068746142525,-0.15476190476190477,1,103.0,42.0
rw1,-,-,Logistic Regression,-0.23528196653583966,0.7132065970036511,0.14604644403291092,-0.2354068746142525,-0.15476190476190477,0.75,0.7400140977443609,0.75,German,Sex,Fail,{0.94},0.6826398628642668,0.8944854537559705,-0.07529436066928319,0.14604644403291092,-0.2354068746142525,-0.15476190476190477,1,103.0,42.0
-,-,-,Naive Bayes,-0.23909945853519526,0.6337843736359667,0.22816134830365514,-0.1462687030483641,-0.168361581920904,0.73,0.7546088657105607,0.73,German,Age,Fail,{0.0},0.7214430419199003,0.7071887784921099,-0.2141635793673411,0.22816134830365514,-0.1462687030483641,-0.168361581920904,1,105.0,49.0
rw1,-,-,Naive Bayes,-0.23909945853519526,0.6337843736359667,0.22816134830365514,-0.1462687030483641,-0.168361581920904,0.73,0.7546088657105607,0.73,German,Age,Fail,{0.0},0.7214430419199003,0.7071887784921099,-0.2141635793673411,0.22816134830365514,-0.1462687030483641,-0.168361581920904,1,105.0,49.0
-,-,-,Logistic Regression,-0.2630379025363352,0.6701804538145435,0.14604644403291092,-0.19185447321040547,-0.1870056497175142,0.75,0.7400140977443609,0.75,German,Age,Fail,{1.04},0.6826398628642668,0.7071887784921099,-0.2141635793673411,0.14604644403291092,-0.19185447321040547,-0.1870056497175142,1,107.0,42.0
rw1,-,-,Logistic Regression,-0.2630379025363352,0.6701804538145435,0.14604644403291092,-0.19185447321040547,-0.1870056497175142,0.75,0.7400140977443609,0.75,German,Age,Fail,{0.88},0.6826398628642668,0.7071887784921099,-0.2141635793673411,0.14604644403291092,-0.19185447321040547,-0.1870056497175142,1,107.0,42.0
di1,mfc_fdr2,-,-,-0.15545739526930746,0.804058908045977,0.12296771870929313,-0.0659883901409325,-0.10395480225988696,0.6133333333333333,0.554410480349345,0.6133333333333333,German,Age,Fail,{15.97},0.29749103942652333,0.7071887784921099,-0.2141635793673411,0.14604644403291092,-0.19185447321040547,-0.1870056497175142,4,109.0,59.0
di1,mfc_sr2,-,-,-0.15545739526930746,0.804058908045977,0.12296771870929313,-0.0659883901409325,-0.10395480225988696,0.6133333333333333,0.554410480349345,0.6133333333333333,German,Age,Fail,{13.59},0.29749103942652333,0.7071887784921099,-0.2141635793673411,0.14604644403291092,-0.19185447321040547,-0.1870056497175142,4,109.0,59.0
-,mfc_fdr1,-,-,-0.164434311769735,0.790562613430127,0.1254586368498999,-0.06727044142298377,-0.13728813559322028,0.61,0.558716814159292,0.61,German,Age,Fail,{16.41},0.28915381019167835,0.7071887784921099,-0.2141635793673411,0.14604644403291092,-0.19185447321040547,-0.1870056497175142,4,111.0,51.0
-,mfc_sr1,-,-,-0.164434311769735,0.790562613430127,0.1254586368498999,-0.06727044142298377,-0.13728813559322028,0.61,0.558716814159292,0.61,German,Age,Fail,{13.96},0.28915381019167835,0.7071887784921099,-0.2141635793673411,0.14604644403291092,-0.19185447321040547,-0.1870056497175142,4,111.0,51.0
rw1,mfc_fdr2,-,-,-0.164434311769735,0.790562613430127,0.1254586368498999,-0.06727044142298377,-0.13728813559322028,0.61,0.558716814159292,0.61,German,Age,Fail,{18.05},0.28915381019167835,0.7071887784921099,-0.2141635793673411,0.14604644403291092,-0.19185447321040547,-0.1870056497175142,4,111.0,51.0
rw1,mfc_sr2,-,-,-0.164434311769735,0.790562613430127,0.1254586368498999,-0.06727044142298377,-0.13728813559322028,0.61,0.558716814159292,0.61,German,Age,Fail,{20.94},0.28915381019167835,0.7071887784921099,-0.2141635793673411,0.14604644403291092,-0.19185447321040547,-0.1870056497175142,4,111.0,51.0
-,mfc_fdr1,-,-,-0.1307581078289609,0.8367504835589943,0.13100035654648104,-0.1093517067844087,-0.08809523809523812,0.6066666666666667,0.5507894736842106,0.6066666666666667,German,Sex,Fail,{14.03},0.30769830138694093,0.8944854537559705,-0.07529436066928319,0.14604644403291092,-0.2354068746142525,-0.15476190476190477,4,115.0,51.0
-,mfc_sr1,-,-,-0.1307581078289609,0.8367504835589943,0.13100035654648104,-0.1093517067844087,-0.08809523809523812,0.6066666666666667,0.5507894736842106,0.6066666666666667,German,Sex,Fail,{30.18},0.30769830138694093,0.8944854537559705,-0.07529436066928319,0.14604644403291092,-0.2354068746142525,-0.15476190476190477,4,115.0,51.0
rw1,mfc_fdr2,-,-,-0.1307581078289609,0.8367504835589943,0.13100035654648104,-0.1093517067844087,-0.08809523809523812,0.6066666666666667,0.5507894736842106,0.6066666666666667,German,Sex,Fail,{35.89},0.30769830138694093,0.8944854537559705,-0.07529436066928319,0.14604644403291092,-0.2354068746142525,-0.15476190476190477,4,115.0,51.0
rw1,mfc_sr2,-,-,-0.1307581078289609,0.8367504835589943,0.13100035654648104,-0.1093517067844087,-0.08809523809523812,0.6066666666666667,0.5507894736842106,0.6066666666666667,German,Sex,Fail,{23.19},0.30769830138694093,0.8944854537559705,-0.07529436066928319,0.14604644403291092,-0.2354068746142525,-0.15476190476190477,4,115.0,51.0
di1,mfc_fdr2,-,-,-0.1268332989051849,0.8387181507748883,0.13730010736969397,-0.10878029177772808,-0.07448979591836735,0.6,0.5544642857142857,0.6,German,Sex,Fail,{24.79},0.3017765310892941,0.8944854537559705,-0.07529436066928319,0.14604644403291092,-0.2354068746142525,-0.15476190476190477,4,119.0,59.0
di1,mfc_sr2,-,-,-0.1268332989051849,0.8387181507748883,0.13730010736969397,-0.10878029177772808,-0.07448979591836735,0.6,0.5544642857142857,0.6,German,Sex,Fail,{19.25},0.3017765310892941,0.8944854537559705,-0.07529436066928319,0.14604644403291092,-0.2354068746142525,-0.15476190476190477,4,119.0,59.0
-,-,-,Logistic Regression,-0.2488076311605723,0.5154798761609908,0.0,0.0,0.0,1.0,1.0,1.0,Ricci,Race,Valid,{0.04},1.0,0.5154798761609908,-0.2488076311605723,0.0,0.0,0.0,0,1.0,42.0
-,-,-,Random Forest,-0.2488076311605723,0.5154798761609908,0.0,0.0,0.0,1.0,1.0,1.0,Ricci,Race,Valid,{0.32},1.0,0.5154798761609908,-0.2488076311605723,0.0,0.0,0.0,0,1.0,30.0
-,-,cpp1,Logistic Regression,-0.2488076311605723,0.5154798761609908,0.0,0.0,0.0,1.0,1.0,1.0,Ricci,Race,Valid,{0.11},1.0,0.5154798761609908,-0.2488076311605723,0.0,0.0,0.0,0,1.0,5.0
-,-,cpp1,Random Forest,-0.2488076311605723,0.5154798761609908,0.0,0.0,0.0,1.0,1.0,1.0,Ricci,Race,Valid,{1.37},1.0,0.5154798761609908,-0.2488076311605723,0.0,0.0,0.0,0,1.0,4.0
-,-,eop1,Logistic Regression,-0.2488076311605723,0.5154798761609908,0.0,0.0,0.0,1.0,1.0,1.0,Ricci,Race,Valid,{0.3},1.0,0.5154798761609908,-0.2488076311605723,0.0,0.0,0.0,0,1.0,26.0
-,-,eop1,Random Forest,-0.2488076311605723,0.5154798761609908,0.0,0.0,0.0,1.0,1.0,1.0,Ricci,Race,Valid,{0.77},1.0,0.5154798761609908,-0.2488076311605723,0.0,0.0,0.0,0,1.0,24.0
-,-,roc1,Logistic Regression,-0.2488076311605723,0.5154798761609908,0.0,0.0,0.0,1.0,1.0,1.0,Ricci,Race,Valid,{30.62},1.0,0.5154798761609908,-0.2488076311605723,0.0,0.0,0.0,0,1.0,8.0
-,-,roc1,Random Forest,-0.2488076311605723,0.5154798761609908,0.0,0.0,0.0,1.0,1.0,1.0,Ricci,Race,Valid,{2.63},1.0,0.5154798761609908,-0.2488076311605723,0.0,0.0,0.0,0,1.0,1.0
rw1,-,-,Logistic Regression,-0.2488076311605723,0.5154798761609908,0.0,0.0,0.0,1.0,1.0,1.0,Ricci,Race,Valid,{0.48},1.0,0.5154798761609908,-0.2488076311605723,0.0,0.0,0.0,0,1.0,42.0
rw1,-,-,Random Forest,-0.2488076311605723,0.5154798761609908,0.0,0.0,0.0,1.0,1.0,1.0,Ricci,Race,Valid,{1.24},1.0,0.5154798761609908,-0.2488076311605723,0.0,0.0,0.0,0,1.0,29.0
rw1,-,cpp2,Logistic Regression,-0.2488076311605723,0.5154798761609908,0.0,0.0,0.0,1.0,1.0,1.0,Ricci,Race,Valid,{0.02},1.0,0.5154798761609908,-0.2488076311605723,0.0,0.0,0.0,0,1.0,6.0
rw1,-,cpp2,Random Forest,-0.2488076311605723,0.5154798761609908,0.0,0.0,0.0,1.0,1.0,1.0,Ricci,Race,Valid,{0.12},1.0,0.5154798761609908,-0.2488076311605723,0.0,0.0,0.0,0,1.0,3.0
rw1,-,eop2,Logistic Regression,-0.2488076311605723,0.5154798761609908,0.0,0.0,0.0,1.0,1.0,1.0,Ricci,Race,Valid,{0.13},1.0,0.5154798761609908,-0.2488076311605723,0.0,0.0,0.0,0,1.0,25.0
rw1,-,eop2,Random Forest,-0.2488076311605723,0.5154798761609908,0.0,0.0,0.0,1.0,1.0,1.0,Ricci,Race,Valid,{0.23},1.0,0.5154798761609908,-0.2488076311605723,0.0,0.0,0.0,0,1.0,19.0
rw1,-,roc2,Logistic Regression,-0.2488076311605723,0.5154798761609908,0.0,0.0,0.0,1.0,1.0,1.0,Ricci,Race,Valid,{39.62},1.0,0.5154798761609908,-0.2488076311605723,0.0,0.0,0.0,0,1.0,6.0
rw1,-,roc2,Random Forest,-0.2488076311605723,0.5154798761609908,0.0,0.0,0.0,1.0,1.0,1.0,Ricci,Race,Valid,{23.01},1.0,0.5154798761609908,-0.2488076311605723,0.0,0.0,0.0,0,1.0,2.0
-,-,cpp1,Naive Bayes,-0.2488076311605723,0.5154798761609908,0.0,0.0,0.0,0.9436619718309859,0.9444564824846515,0.9436619718309859,Ricci,Race,Valid,{0.01},0.9348006644518272,0.5154798761609908,-0.2488076311605723,0.048664595068981895,-0.19444444444444448,-0.33333333333333337,3,17.0,13.0
-,-,roc1,Naive Bayes,-0.2488076311605723,0.5154798761609908,0.0,0.0,0.0,0.9436619718309859,0.9444564824846515,0.9436619718309859,Ricci,Race,Valid,{5.3},0.9348006644518272,0.5154798761609908,-0.2488076311605723,0.048664595068981895,-0.19444444444444448,-0.33333333333333337,3,17.0,13.0
rw1,-,cpp2,Naive Bayes,-0.2488076311605723,0.5154798761609908,0.0,0.0,0.0,0.9436619718309859,0.9444564824846515,0.9436619718309859,Ricci,Race,Valid,{0.0},0.9348006644518272,0.5154798761609908,-0.2488076311605723,0.048664595068981895,-0.19444444444444448,-0.33333333333333337,3,17.0,16.0
rw1,-,roc2,Naive Bayes,-0.2488076311605723,0.5154798761609908,0.0,0.0,0.0,0.9436619718309859,0.9444564824846515,0.9436619718309859,Ricci,Race,Valid,{47.37},0.9348006644518272,0.5154798761609908,-0.2488076311605723,0.048664595068981895,-0.19444444444444448,-0.33333333333333337,3,17.0,13.0
-,mfc_fdr1,roc2,-,-0.2488076311605723,0.5154798761609908,0.0,0.0,0.0,0.9154929577464789,0.9154929577464789,0.9154929577464789,Ricci,Race,Valid,{5.7},0.9115448504983389,0.5154798761609908,-0.2488076311605723,0.0,0.0,0.0,0,21.0,22.0
-,mfc_sr1,roc2,-,-0.2488076311605723,0.5154798761609908,0.0,0.0,0.0,0.9154929577464789,0.9154929577464789,0.9154929577464789,Ricci,Race,Valid,{55.81},0.9115448504983389,0.5154798761609908,-0.2488076311605723,0.0,0.0,0.0,0,21.0,20.0
rw1,mfc_fdr2,roc3,-,-0.2488076311605723,0.5154798761609908,0.0,0.0,0.0,0.9154929577464789,0.9154929577464789,0.9154929577464789,Ricci,Race,Valid,{14.06},0.9115448504983389,0.5154798761609908,-0.2488076311605723,0.0,0.0,0.0,0,21.0,20.0
rw1,mfc_sr2,roc3,-,-0.2488076311605723,0.5154798761609908,0.0,0.0,0.0,0.9154929577464789,0.9154929577464789,0.9154929577464789,Ricci,Race,Valid,{45.88},0.9115448504983389,0.5154798761609908,-0.2488076311605723,0.0,0.0,0.0,0,21.0,22.0
di1,-,cpp2,Logistic Regression,-0.2488076311605723,0.5154798761609908,0.0,0.0,0.0,0.8450704225352113,0.8887685084868183,0.8450704225352113,Ricci,Race,Valid,{1.51},0.872093023255814,0.5154798761609908,-0.2488076311605723,0.0,0.0,0.0,0,25.0,11.0
di1,-,cpp2,Naive Bayes,-0.2488076311605723,0.5154798761609908,0.0,0.0,0.0,0.8450704225352113,0.8887685084868183,0.8450704225352113,Ricci,Race,Valid,{0.01},0.872093023255814,0.5154798761609908,-0.2488076311605723,0.048664595068981895,-0.19444444444444448,-0.33333333333333337,3,25.0,17.0
di1,-,cpp2,Random Forest,-0.2488076311605723,0.5154798761609908,0.0,0.0,0.0,0.8450704225352113,0.8887685084868183,0.8450704225352113,Ricci,Race,Valid,{1.98},0.872093023255814,0.5154798761609908,-0.2488076311605723,0.0,0.0,0.0,0,25.0,9.0
di1,-,roc2,Logistic Regression,-0.2488076311605723,0.5154798761609908,0.0,0.0,0.0,0.8450704225352113,0.8887685084868183,0.8450704225352113,Ricci,Race,Valid,{61.23},0.872093023255814,0.5154798761609908,-0.2488076311605723,0.0,0.0,0.0,0,25.0,11.0
di1,-,roc2,Naive Bayes,-0.2488076311605723,0.5154798761609908,0.0,0.0,0.0,0.8450704225352113,0.8887685084868183,0.8450704225352113,Ricci,Race,Valid,{10.27},0.872093023255814,0.5154798761609908,-0.2488076311605723,0.048664595068981895,-0.19444444444444448,-0.33333333333333337,3,25.0,18.0
di1,-,roc2,Random Forest,-0.2488076311605723,0.5154798761609908,0.0,0.0,0.0,0.8450704225352113,0.8887685084868183,0.8450704225352113,Ricci,Race,Valid,{31.37},0.872093023255814,0.5154798761609908,-0.2488076311605723,0.0,0.0,0.0,0,25.0,10.0
-,-,eop1,Naive Bayes,-0.08664546899841019,0.753393665158371,0.08829260714567821,0.15789473684210525,0.3157894736842105,0.9436619718309859,0.9444564824846515,0.9436619718309859,Ricci,Race,Valid,{0.01},0.9348006644518272,0.5154798761609908,-0.2488076311605723,0.048664595068981895,-0.19444444444444448,-0.33333333333333337,3,31.0,40.0
rw1,-,eop2,Naive Bayes,-0.08664546899841019,0.753393665158371,0.08829260714567821,0.15789473684210525,0.3157894736842105,0.9436619718309859,0.9444564824846515,0.9436619718309859,Ricci,Race,Valid,{0.01},0.9348006644518272,0.5154798761609908,-0.2488076311605723,0.048664595068981895,-0.19444444444444448,-0.33333333333333337,3,31.0,39.0
di1,mfc_fdr2,roc3,-,-0.2488076311605723,0.5154798761609908,0.0,0.0,0.0,0.8309859154929577,0.8816901408450704,0.8309859154929577,Ricci,Race,Valid,{3.06},0.8604651162790697,0.5154798761609908,-0.2488076311605723,0.0,0.0,0.0,0,33.0,27.0
di1,mfc_sr2,roc3,-,-0.2488076311605723,0.5154798761609908,0.0,0.0,0.0,0.8309859154929577,0.8816901408450704,0.8309859154929577,Ricci,Race,Valid,{89.56},0.8604651162790697,0.5154798761609908,-0.2488076311605723,0.0,0.0,0.0,0,33.0,27.0
-,mfc_fdr1,eop2,-,-0.13831478537360892,0.6801470588235294,0.048664595068981895,0.09894736842105266,0.1578947368421053,0.9154929577464789,0.9154929577464789,0.9154929577464789,Ricci,Race,Valid,{1.37},0.9115448504983389,0.5154798761609908,-0.2488076311605723,0.0,0.0,0.0,1,35.0,48.0
-,mfc_sr1,eop2,-,-0.13831478537360892,0.6801470588235294,0.048664595068981895,0.09894736842105266,0.1578947368421053,0.9154929577464789,0.9154929577464789,0.9154929577464789,Ricci,Race,Valid,{0.37},0.9115448504983389,0.5154798761609908,-0.2488076311605723,0.0,0.0,0.0,1,35.0,46.0
rw1,mfc_fdr2,eop3,-,-0.13831478537360892,0.6801470588235294,0.048664595068981895,0.09894736842105266,0.1578947368421053,0.9154929577464789,0.9154929577464789,0.9154929577464789,Ricci,Race,Valid,{2.16},0.9115448504983389,0.5154798761609908,-0.2488076311605723,0.0,0.0,0.0,1,35.0,45.0
rw1,mfc_sr2,eop3,-,-0.13831478537360892,0.6801470588235294,0.048664595068981895,0.09894736842105266,0.1578947368421053,0.9154929577464789,0.9154929577464789,0.9154929577464789,Ricci,Race,Valid,{1.29},0.9115448504983389,0.5154798761609908,-0.2488076311605723,0.0,0.0,0.0,1,35.0,47.0
-,mfc_fdr1,cpp2,-,-0.2758346581875994,0.48970588235294116,0.005267846374147538,-0.027777777777777776,0.0,0.9154929577464789,0.9154929577464789,0.9154929577464789,Ricci,Race,Valid,{0.07},0.9115448504983389,0.5154798761609908,-0.2488076311605723,0.0,0.0,0.0,1,39.0,32.0
di1,-,eop2,Naive Bayes,0.015898251192368873,1.0309597523219816,0.036611357993421474,0.18,0.0,0.8450704225352113,0.8887685084868183,0.8450704225352113,Ricci,Race,Valid,{0.07},0.872093023255814,0.5154798761609908,-0.2488076311605723,0.048664595068981895,-0.19444444444444448,-0.33333333333333337,4,40.0,36.0
di1,-,eop2,Logistic Regression,0.1335453100158983,1.260061919504644,0.04640863408560391,0.26,0.0,0.8450704225352113,0.8887685084868183,0.8450704225352113,Ricci,Race,Valid,{0.39},0.872093023255814,0.5154798761609908,-0.2488076311605723,0.0,0.0,0.0,1,41.0,41.0
di1,-,eop2,Random Forest,0.19236883942766303,1.3746130030959753,0.05012810889011423,0.3,0.0,0.8450704225352113,0.8887685084868183,0.8450704225352113,Ricci,Race,Valid,{1.74},0.872093023255814,0.5154798761609908,-0.2488076311605723,0.0,0.0,0.0,1,42.0,31.0
rw1,mfc_fdr2,cpp3,-,-0.43799682034976156,0.3766968325791855,0.030382082759918872,-0.19444444444444445,0.0,0.9154929577464789,0.9154929577464789,0.9154929577464789,Ricci,Race,Valid,{0.35},0.9115448504983389,0.5154798761609908,-0.2488076311605723,0.0,0.0,0.0,1,43.0,33.0
-,mfc_sr1,cpp2,-,-0.43799682034976156,0.3766968325791855,0.030382082759918876,-0.19444444444444445,0.0,0.9154929577464789,0.9154929577464789,0.9154929577464789,Ricci,Race,Valid,{0.19},0.9115448504983389,0.5154798761609908,-0.2488076311605723,0.0,0.0,0.0,1,44.0,34.0
rw1,mfc_sr2,cpp3,-,-0.4920508744038156,0.34978991596638653,0.03661135799342146,-0.25,0.0,0.9154929577464789,0.9154929577464789,0.9154929577464789,Ricci,Race,Valid,{1.77},0.9115448504983389,0.5154798761609908,-0.2488076311605723,0.0,0.0,0.0,1,45.0,35.0
di1,mfc_fdr2,eop3,-,0.04531001589825123,1.0882352941176472,0.03937817435898661,0.2,0.0,0.8309859154929577,0.8816901408450704,0.8309859154929577,Ricci,Race,Valid,{0.24},0.8604651162790697,0.5154798761609908,-0.2488076311605723,0.0,0.0,0.0,1,46.0,55.0
di1,mfc_sr2,eop3,-,0.04531001589825123,1.0882352941176472,0.03937817435898663,0.2,0.0,0.8309859154929577,0.8816901408450704,0.8309859154929577,Ricci,Race,Valid,{1.6},0.8604651162790697,0.5154798761609908,-0.2488076311605723,0.0,0.0,0.0,1,47.0,56.0
-,-,-,Naive Bayes,-0.3640699523052464,0.3264705882352941,0.048664595068981895,-0.19444444444444448,-0.33333333333333337,0.9436619718309859,0.9444564824846515,0.9436619718309859,Ricci,Race,Valid,{0.0},0.9348006644518272,0.5154798761609908,-0.2488076311605723,0.048664595068981895,-0.19444444444444448,-0.33333333333333337,1,48.0,49.0
rw1,-,-,Naive Bayes,-0.3640699523052464,0.3264705882352941,0.048664595068981895,-0.19444444444444448,-0.33333333333333337,0.9436619718309859,0.9444564824846515,0.9436619718309859,Ricci,Race,Valid,{0.0},0.9348006644518272,0.5154798761609908,-0.2488076311605723,0.048664595068981895,-0.19444444444444448,-0.33333333333333337,1,48.0,49.0
-,mfc_fdr1,-,-,-0.30524642289348175,0.4352941176470588,0.05857581807548833,-0.12035087719298242,-0.16959064327485374,0.9154929577464789,0.9154929577464789,0.9154929577464789,Ricci,Race,Valid,{0.09},0.9115448504983389,0.5154798761609908,-0.2488076311605723,0.0,0.0,0.0,1,50.0,51.0
-,mfc_sr1,-,-,-0.30524642289348175,0.4352941176470588,0.05857581807548833,-0.12035087719298242,-0.16959064327485374,0.9154929577464789,0.9154929577464789,0.9154929577464789,Ricci,Race,Valid,{0.64},0.9115448504983389,0.5154798761609908,-0.2488076311605723,0.0,0.0,0.0,1,50.0,51.0
rw1,mfc_fdr2,-,-,-0.30524642289348175,0.4352941176470588,0.05857581807548833,-0.12035087719298242,-0.16959064327485374,0.9154929577464789,0.9154929577464789,0.9154929577464789,Ricci,Race,Valid,{0.1},0.9115448504983389,0.5154798761609908,-0.2488076311605723,0.0,0.0,0.0,1,50.0,51.0
rw1,mfc_sr2,-,-,-0.30524642289348175,0.4352941176470588,0.05857581807548833,-0.12035087719298242,-0.16959064327485374,0.9154929577464789,0.9154929577464789,0.9154929577464789,Ricci,Race,Valid,{0.06},0.9115448504983389,0.5154798761609908,-0.2488076311605723,0.0,0.0,0.0,1,50.0,51.0
di1,-,-,Naive Bayes,-0.37678855325914146,0.4836601307189543,0.041926946512657395,-0.1622222222222222,0.0,0.8450704225352113,0.8887685084868183,0.8450704225352113,Ricci,Race,Valid,{0.01},0.872093023255814,0.5154798761609908,-0.2488076311605723,0.048664595068981895,-0.19444444444444448,-0.33333333333333337,4,54.0,57.0
di1,mfc_fdr2,cpp3,-,-0.30286168521462636,0.46638655462184875,0.010201103320866505,-0.05555555555555555,0.0,0.8309859154929577,0.8816901408450704,0.8309859154929577,Ricci,Race,Valid,{1.9},0.8604651162790697,0.5154798761609908,-0.2488076311605723,0.0,0.0,0.0,1,55.0,37.0
di1,mfc_sr2,cpp3,-,-0.30286168521462636,0.46638655462184875,0.010201103320866505,-0.05555555555555555,0.0,0.8309859154929577,0.8816901408450704,0.8309859154929577,Ricci,Race,Valid,{1.82},0.8604651162790697,0.5154798761609908,-0.2488076311605723,0.0,0.0,0.0,1,55.0,38.0
di1,-,-,Logistic Regression,-0.48966613672496023,0.3752535496957404,0.041926946512657395,-0.2577777777777778,0.0,0.8450704225352113,0.8887685084868183,0.8450704225352113,Ricci,Race,Valid,{0.22},0.872093023255814,0.5154798761609908,-0.2488076311605723,0.0,0.0,0.0,1,57.0,58.0
di1,-,-,Random Forest,-0.5461049284578696,0.3264705882352941,0.041926946512657395,-0.3055555555555556,0.0,0.8450704225352113,0.8887685084868183,0.8450704225352113,Ricci,Race,Valid,{0.58},0.872093023255814,0.5154798761609908,-0.2488076311605723,0.0,0.0,0.0,1,58.0,44.0
di1,mfc_fdr2,-,-,-0.40381558028616854,0.46638655462184875,0.04426736964759322,-0.19,0.0,0.8309859154929577,0.8816901408450704,0.8309859154929577,Ricci,Race,Valid,{1.28},0.8604651162790697,0.5154798761609908,-0.2488076311605723,0.0,0.0,0.0,1,59.0,59.0
di1,mfc_sr2,-,-,-0.40381558028616854,0.46638655462184875,0.04426736964759322,-0.19,0.0,0.8309859154929577,0.8816901408450704,0.8309859154929577,Ricci,Race,Valid,{0.95},0.8604651162790697,0.5154798761609908,-0.2488076311605723,0.0,0.0,0.0,1,59.0,59.0
